 3.00000000e-01  1.43743143e-12 
 3.10000000e-01  1.52443449e-12 
 3.20000000e-01  1.62030546e-12 
 3.30000000e-01  1.72626306e-12 
 3.40000000e-01  1.84355707e-12 
 3.50000000e-01  1.97344334e-12 
 3.60000000e-01  2.11715545e-12 
 3.70000000e-01  2.27591585e-12 
 3.80000000e-01  2.45102792e-12 
 3.90000000e-01  2.64411399e-12 
 4.00000000e-01  2.85759141e-12 
 4.10000000e-01  3.09551798e-12 
 4.20000000e-01  3.36498802e-12 
 4.30000000e-01  3.67824940e-12 
 4.40000000e-01  4.05528002e-12 
 4.50000000e-01  4.52503163e-12 
 4.60000000e-01  5.12275555e-12 
 4.70000000e-01  5.88685577e-12 
 4.80000000e-01  6.86124950e-12 
 4.90000000e-01  8.10153813e-12 
 5.00000000e-01  9.68171168e-12 
 5.10000000e-01  1.17006654e-11 
 5.20000000e-01  1.42906340e-11 
 5.30000000e-01  1.76286792e-11 
 5.40000000e-01  2.19512829e-11 
 5.50000000e-01  2.75719984e-11 
 5.60000000e-01  3.49018781e-11 
 5.70000000e-01  4.44722674e-11 
 5.80000000e-01  5.69599029e-11 
 5.90000000e-01  7.32149425e-11 
 6.00000000e-01  9.42930742e-11 
 6.10000000e-01  1.21492730e-10 
 6.20000000e-01  1.56397706e-10 
 6.30000000e-01  2.00924584e-10 
 6.40000000e-01  2.57373754e-10 
 6.50000000e-01  3.28482572e-10 
 6.60000000e-01  4.17479210e-10 
 6.70000000e-01  5.28135864e-10 
 6.80000000e-01  6.64820153e-10 
 6.90000000e-01  8.32543718e-10 
 7.00000000e-01  1.03700712e-09 
 7.10000000e-01  1.28464017e-09 
 7.20000000e-01  1.58263652e-09 
 7.30000000e-01  1.93898078e-09 
 7.40000000e-01  2.36246520e-09 
 7.50000000e-01  2.86269090e-09 
 7.60000000e-01  3.45004586e-09 
 7.70000000e-01  4.13564728e-09 
 7.80000000e-01  4.93122992e-09 
 7.90000000e-01  5.84895344e-09 
 8.00000000e-01  6.90108946e-09 
 8.10000000e-01  8.09953267e-09 
 8.20000000e-01  9.45505709e-09 
 8.30000000e-01  1.09762081e-08 
 8.40000000e-01  1.26676831e-08 
 8.50000000e-01  1.45280123e-08 
 8.60000000e-01  1.65463369e-08 
 8.70000000e-01  1.86981538e-08 
 8.80000000e-01  2.09402509e-08 
 8.90000000e-01  2.32060508e-08 
 9.00000000e-01  2.54046873e-08 
 9.10000000e-01  2.74298644e-08 
 9.20000000e-01  2.91837484e-08 
 9.30000000e-01  3.06094967e-08 
 9.40000000e-01  3.17092209e-08 
 9.50000000e-01  3.25309030e-08 
 9.60000000e-01  3.31387831e-08 
 9.70000000e-01  3.35914383e-08 
 9.80000000e-01  3.39340229e-08 
 9.90000000e-01  3.41987475e-08 
 1.00000000e+00  3.44078718e-08 
 1.01000000e+00  3.45766665e-08 
 1.02000000e+00  3.47156695e-08 
 1.03000000e+00  3.48322449e-08 
 1.04000000e+00  3.49316219e-08 
 1.05000000e+00  3.50175774e-08 
 1.06000000e+00  3.50928875e-08 
 1.07000000e+00  3.51596267e-08 
 1.08000000e+00  3.52193701e-08 
 1.09000000e+00  3.52733322e-08 
 1.10000000e+00  3.53224620e-08 
 1.11000000e+00  3.53675108e-08 
 1.12000000e+00  3.54090810e-08 
 1.13000000e+00  3.54476604e-08 
 1.14000000e+00  3.54836484e-08 
 1.15000000e+00  3.55173749e-08 
 1.16000000e+00  3.55491150e-08 
 1.17000000e+00  3.55790996e-08 
 1.18000000e+00  3.56075244e-08 
 1.19000000e+00  3.56345559e-08 
 1.20000000e+00  3.56603370e-08 
 1.21000000e+00  3.56849910e-08 
 1.22000000e+00  3.57086248e-08 
 1.23000000e+00  3.57313315e-08 
 1.24000000e+00  3.57531930e-08 
 1.25000000e+00  3.57742810e-08 
 1.26000000e+00  3.57946593e-08 
 1.27000000e+00  3.58143845e-08 
 1.28000000e+00  3.58335067e-08 
 1.29000000e+00  3.58520711e-08 
 1.30000000e+00  3.58701181e-08 
 1.31000000e+00  3.58876840e-08 
 1.32000000e+00  3.59048017e-08 
 1.33000000e+00  3.59215009e-08 
 1.34000000e+00  3.59378086e-08 
 1.35000000e+00  3.59537492e-08 
 1.36000000e+00  3.59693453e-08 
 1.37000000e+00  3.59846172e-08 
 1.38000000e+00  3.59995837e-08 
 1.39000000e+00  3.60142621e-08 
 1.40000000e+00  3.60286682e-08 
 1.41000000e+00  3.60428166e-08 
 1.42000000e+00  3.60567208e-08 
 1.43000000e+00  3.60703932e-08 
 1.44000000e+00  3.60838454e-08 
 1.45000000e+00  3.60970882e-08 
 1.46000000e+00  3.61101316e-08 
 1.47000000e+00  3.61229847e-08 
 1.48000000e+00  3.61356563e-08 
 1.49000000e+00  3.61481545e-08 
 1.50000000e+00  3.61604868e-08 
 1.51000000e+00  3.61726602e-08 
 1.52000000e+00  3.61846815e-08 
 1.53000000e+00  3.61965568e-08 
 1.54000000e+00  3.62082920e-08 
 1.55000000e+00  3.62198925e-08 
 1.56000000e+00  3.62313636e-08 
 1.57000000e+00  3.62427101e-08 
 1.58000000e+00  3.62539366e-08 
 1.59000000e+00  3.62650475e-08 
 1.60000000e+00  3.62760467e-08 
 1.61000000e+00  3.62869384e-08 
 1.62000000e+00  3.62977259e-08 
 1.63000000e+00  3.63084130e-08 
 1.64000000e+00  3.63190028e-08 
 1.65000000e+00  3.63294985e-08 
 1.66000000e+00  3.63399030e-08 
 1.67000000e+00  3.63502192e-08 
 1.68000000e+00  3.63604498e-08 
 1.69000000e+00  3.63705972e-08 
 1.70000000e+00  3.63806639e-08 
 1.71000000e+00  3.63906522e-08 
 1.72000000e+00  3.64005642e-08 
 1.73000000e+00  3.64104021e-08 
 1.74000000e+00  3.64201679e-08 
 1.75000000e+00  3.64298633e-08 
 1.76000000e+00  3.64394903e-08 
 1.77000000e+00  3.64490504e-08 
 1.78000000e+00  3.64585454e-08 
 1.79000000e+00  3.64679768e-08 
 1.80000000e+00  3.64773461e-08 
