-1.00000000e-03  8.99000000e-01 -1.00000000e-03  1.12417353e-06 
-9.90000000e-04  8.99010000e-01 -9.90000000e-04  1.15586755e-06 
-9.80000000e-04  8.99020000e-01 -9.80000000e-04  1.19160562e-06 
-9.70000000e-04  8.99030000e-01 -9.70000000e-04  1.22866322e-06 
-9.60000000e-04  8.99040000e-01 -9.60000000e-04  1.26824053e-06 
-9.50000000e-04  8.99050000e-01 -9.50000000e-04  1.31060107e-06 
-9.40000000e-04  8.99060000e-01 -9.40000000e-04  1.35603550e-06 
-9.30000000e-04  8.99070000e-01 -9.30000000e-04  1.40487580e-06 
-9.20000000e-04  8.99080000e-01 -9.20000000e-04  1.45750120e-06 
-9.10000000e-04  8.99090000e-01 -9.10000000e-04  1.51434659e-06 
-9.00000000e-04  8.99100000e-01 -9.00000000e-04  1.57591255e-06 
-8.90000000e-04  8.99110000e-01 -8.90000000e-04  1.64277768e-06 
-8.80000000e-04  8.99120000e-01 -8.80000000e-04  1.71561368e-06 
-8.70000000e-04  8.99130000e-01 -8.70000000e-04  1.79520381e-06 
-8.60000000e-04  8.99140000e-01 -8.60000000e-04  1.88246581e-06 
-8.50000000e-04  8.99150000e-01 -8.50000000e-04  1.97848033e-06 
-8.40000000e-04  8.99160000e-01 -8.40000000e-04  2.08452664e-06 
-8.30000000e-04  8.99170000e-01 -8.30000000e-04  2.20212745e-06 
-8.20000000e-04  8.99180000e-01 -8.20000000e-04  2.33310582e-06 
-8.10000000e-04  8.99190000e-01 -8.10000000e-04  2.47965779e-06 
-8.00000000e-04  8.99200000e-01 -8.00000000e-04  2.64444572e-06 
-7.90000000e-04  8.99210000e-01 -7.90000000e-04  2.83071910e-06 
-7.80000000e-04  8.99220000e-01 -7.80000000e-04  3.04247213e-06 
-7.70000000e-04  8.99230000e-01 -7.70000000e-04  3.28465080e-06 
-7.60000000e-04  8.99240000e-01 -7.60000000e-04  3.56342700e-06 
-7.50000000e-04  8.99250000e-01 -7.50000000e-04  3.88656422e-06 
-7.40000000e-04  8.99260000e-01 -7.40000000e-04  4.26390906e-06 
-7.30000000e-04  8.99270000e-01 -7.30000000e-04  4.70805637e-06 
-7.20000000e-04  8.99280000e-01 -7.20000000e-04  5.23525542e-06 
-7.10000000e-04  8.99290000e-01 -7.10000000e-04  5.86665083e-06 
-7.00000000e-04  8.99300000e-01 -7.00000000e-04  6.62998822e-06 
-6.90000000e-04  8.99310000e-01 -6.90000000e-04  7.56196021e-06 
-6.80000000e-04  8.99320000e-01 -6.80000000e-04  8.71141933e-06 
-6.70000000e-04  8.99330000e-01 -6.70000000e-04  1.01437183e-05 
-6.60000000e-04  8.99340000e-01 -6.60000000e-04  1.19463815e-05 
-6.50000000e-04  8.99350000e-01 -6.50000000e-04  1.42359169e-05 
-6.40000000e-04  8.99360000e-01 -6.40000000e-04  1.71639713e-05 
-6.30000000e-04  8.99370000e-01 -6.30000000e-04  2.09145686e-05 
-6.20000000e-04  8.99380000e-01 -6.20000000e-04  2.56534174e-05 
-6.10000000e-04  8.99390000e-01 -6.10000000e-04  3.10651712e-05 
-6.00000000e-04  8.99400000e-01 -6.00000000e-04  3.56910017e-05 
-5.90000000e-04  8.99410000e-01 -5.90000000e-04  4.02572102e-05 
-5.80000000e-04  8.99420000e-01 -5.80000000e-04  4.60066858e-05 
-5.70000000e-04  8.99430000e-01 -5.70000000e-04  5.36816074e-05 
-5.60000000e-04  8.99440000e-01 -5.60000000e-04  6.43391938e-05 
-5.50000000e-04  8.99450000e-01 -5.50000000e-04  7.99946747e-05 
-5.40000000e-04  8.99460000e-01 -5.40000000e-04  1.04983329e-04 
-5.30000000e-04  8.99470000e-01 -5.30000000e-04  1.50569480e-04 
-5.20000000e-04  8.99480000e-01 -5.20000000e-04  2.52886630e-04 
-5.10000000e-04  8.99490000e-01 -5.10000000e-04  5.77043174e-04 
-5.00000000e-04  8.99500000e-01 -5.00000000e-04  2.03066279e-03 
-4.90000000e-04  8.99510000e-01 -4.90000000e-04  7.63516748e-03 
-4.80000000e-04  8.99520000e-01 -4.80000000e-04  2.09570441e-02 
-4.70000000e-04  8.99530000e-01 -4.70000000e-04  1.23785773e-01 
-4.60000000e-04  8.99540000e-01 -4.60000000e-04  1.75032918e+00 
-4.50000000e-04  8.99550000e-01 -4.50000000e-04  1.77570443e+00 
-4.40000000e-04  8.99560000e-01 -4.40000000e-04  1.78495770e+00 
-4.30000000e-04  8.99570000e-01 -4.30000000e-04  1.79005453e+00 
-4.20000000e-04  8.99580000e-01 -4.20000000e-04  1.79303064e+00 
-4.10000000e-04  8.99590000e-01 -4.10000000e-04  1.79504249e+00 
-4.00000000e-04  8.99600000e-01 -4.00000000e-04  1.79641738e+00 
-3.90000000e-04  8.99610000e-01 -3.90000000e-04  1.79736666e+00 
-3.80000000e-04  8.99620000e-01 -3.80000000e-04  1.79803017e+00 
-3.70000000e-04  8.99630000e-01 -3.70000000e-04  1.79849890e+00 
-3.60000000e-04  8.99640000e-01 -3.60000000e-04  1.79883385e+00 
-3.50000000e-04  8.99650000e-01 -3.50000000e-04  1.79907636e+00 
-3.40000000e-04  8.99660000e-01 -3.40000000e-04  1.79925463e+00 
-3.30000000e-04  8.99670000e-01 -3.30000000e-04  1.79938774e+00 
-3.20000000e-04  8.99680000e-01 -3.20000000e-04  1.79948891e+00 
-3.10000000e-04  8.99690000e-01 -3.10000000e-04  1.79956709e+00 
-3.00000000e-04  8.99700000e-01 -3.00000000e-04  1.79962855e+00 
-2.90000000e-04  8.99710000e-01 -2.90000000e-04  1.79967763e+00 
-2.80000000e-04  8.99720000e-01 -2.80000000e-04  1.79971743e+00 
-2.70000000e-04  8.99730000e-01 -2.70000000e-04  1.79975016e+00 
-2.60000000e-04  8.99740000e-01 -2.60000000e-04  1.79977741e+00 
-2.50000000e-04  8.99750000e-01 -2.50000000e-04  1.79980034e+00 
-2.40000000e-04  8.99760000e-01 -2.40000000e-04  1.79981988e+00 
-2.30000000e-04  8.99770000e-01 -2.30000000e-04  1.79983663e+00 
-2.20000000e-04  8.99780000e-01 -2.20000000e-04  1.79985113e+00 
-2.10000000e-04  8.99790000e-01 -2.10000000e-04  1.79986379e+00 
-2.00000000e-04  8.99800000e-01 -2.00000000e-04  1.79987489e+00 
-1.90000000e-04  8.99810000e-01 -1.90000000e-04  1.79988468e+00 
-1.80000000e-04  8.99820000e-01 -1.80000000e-04  1.79989338e+00 
-1.70000000e-04  8.99830000e-01 -1.70000000e-04  1.79990113e+00 
-1.60000000e-04  8.99840000e-01 -1.60000000e-04  1.79990807e+00 
-1.50000000e-04  8.99850000e-01 -1.50000000e-04  1.79991431e+00 
-1.40000000e-04  8.99860000e-01 -1.40000000e-04  1.79991994e+00 
-1.30000000e-04  8.99870000e-01 -1.30000000e-04  1.79992503e+00 
-1.20000000e-04  8.99880000e-01 -1.20000000e-04  1.79992965e+00 
-1.10000000e-04  8.99890000e-01 -1.10000000e-04  1.79993385e+00 
-1.00000000e-04  8.99900000e-01 -1.00000000e-04  1.79993768e+00 
-9.00000000e-05  8.99910000e-01 -9.00000000e-05  1.79994118e+00 
-8.00000000e-05  8.99920000e-01 -8.00000000e-05  1.79994439e+00 
-7.00000000e-05  8.99930000e-01 -7.00000000e-05  1.79994734e+00 
-6.00000000e-05  8.99940000e-01 -6.00000000e-05  1.79995007e+00 
-5.00000000e-05  8.99950000e-01 -5.00000000e-05  1.79995260e+00 
-4.00000000e-05  8.99960000e-01 -4.00000000e-05  1.79995501e+00 
-3.00000000e-05  8.99970000e-01 -3.00000000e-05  1.79995742e+00 
-2.00000000e-05  8.99980000e-01 -2.00000000e-05  1.79996034e+00 
-1.00000000e-05  8.99990000e-01 -1.00000000e-05  1.79996539e+00 
 1.92445886e-18  9.00000000e-01  1.92445886e-18  1.79997388e+00 
 1.00000000e-05  9.00010000e-01  1.00000000e-05  1.79998272e+00 
 2.00000000e-05  9.00020000e-01  2.00000000e-05  1.79998936e+00 
 3.00000000e-05  9.00030000e-01  3.00000000e-05  1.79999356e+00 
 4.00000000e-05  9.00040000e-01  4.00000000e-05  1.79999599e+00 
 5.00000000e-05  9.00050000e-01  5.00000000e-05  1.79999735e+00 
 6.00000000e-05  9.00060000e-01  6.00000000e-05  1.79999811e+00 
 7.00000000e-05  9.00070000e-01  7.00000000e-05  1.79999855e+00 
 8.00000000e-05  9.00080000e-01  8.00000000e-05  1.79999882e+00 
 9.00000000e-05  9.00090000e-01  9.00000000e-05  1.79999900e+00 
 1.00000000e-04  9.00100000e-01  1.00000000e-04  1.79999913e+00 
 1.10000000e-04  9.00110000e-01  1.10000000e-04  1.79999922e+00 
 1.20000000e-04  9.00120000e-01  1.20000000e-04  1.79999930e+00 
 1.30000000e-04  9.00130000e-01  1.30000000e-04  1.79999936e+00 
 1.40000000e-04  9.00140000e-01  1.40000000e-04  1.79999940e+00 
 1.50000000e-04  9.00150000e-01  1.50000000e-04  1.79999944e+00 
 1.60000000e-04  9.00160000e-01  1.60000000e-04  1.79999948e+00 
 1.70000000e-04  9.00170000e-01  1.70000000e-04  1.79999951e+00 
 1.80000000e-04  9.00180000e-01  1.80000000e-04  1.79999953e+00 
 1.90000000e-04  9.00190000e-01  1.90000000e-04  1.79999955e+00 
 2.00000000e-04  9.00200000e-01  2.00000000e-04  1.79999958e+00 
 2.10000000e-04  9.00210000e-01  2.10000000e-04  1.79999959e+00 
 2.20000000e-04  9.00220000e-01  2.20000000e-04  1.79999961e+00 
 2.30000000e-04  9.00230000e-01  2.30000000e-04  1.79999962e+00 
 2.40000000e-04  9.00240000e-01  2.40000000e-04  1.79999964e+00 
 2.50000000e-04  9.00250000e-01  2.50000000e-04  1.79999965e+00 
 2.60000000e-04  9.00260000e-01  2.60000000e-04  1.79999966e+00 
 2.70000000e-04  9.00270000e-01  2.70000000e-04  1.79999967e+00 
 2.80000000e-04  9.00280000e-01  2.80000000e-04  1.79999968e+00 
 2.90000000e-04  9.00290000e-01  2.90000000e-04  1.79999969e+00 
 3.00000000e-04  9.00300000e-01  3.00000000e-04  1.79999970e+00 
 3.10000000e-04  9.00310000e-01  3.10000000e-04  1.79999971e+00 
 3.20000000e-04  9.00320000e-01  3.20000000e-04  1.79999971e+00 
 3.30000000e-04  9.00330000e-01  3.30000000e-04  1.79999972e+00 
 3.40000000e-04  9.00340000e-01  3.40000000e-04  1.79999973e+00 
 3.50000000e-04  9.00350000e-01  3.50000000e-04  1.79999973e+00 
 3.60000000e-04  9.00360000e-01  3.60000000e-04  1.79999974e+00 
 3.70000000e-04  9.00370000e-01  3.70000000e-04  1.79999975e+00 
 3.80000000e-04  9.00380000e-01  3.80000000e-04  1.79999975e+00 
 3.90000000e-04  9.00390000e-01  3.90000000e-04  1.79999976e+00 
 4.00000000e-04  9.00400000e-01  4.00000000e-04  1.79999976e+00 
 4.10000000e-04  9.00410000e-01  4.10000000e-04  1.79999977e+00 
 4.20000000e-04  9.00420000e-01  4.20000000e-04  1.79999977e+00 
 4.30000000e-04  9.00430000e-01  4.30000000e-04  1.79999977e+00 
 4.40000000e-04  9.00440000e-01  4.40000000e-04  1.79999978e+00 
 4.50000000e-04  9.00450000e-01  4.50000000e-04  1.79999978e+00 
 4.60000000e-04  9.00460000e-01  4.60000000e-04  1.79999979e+00 
 4.70000000e-04  9.00470000e-01  4.70000000e-04  1.79999979e+00 
 4.80000000e-04  9.00480000e-01  4.80000000e-04  1.79999979e+00 
 4.90000000e-04  9.00490000e-01  4.90000000e-04  1.79999980e+00 
 5.00000000e-04  9.00500000e-01  5.00000000e-04  1.79999980e+00 
 5.10000000e-04  9.00510000e-01  5.10000000e-04  1.79999980e+00 
 5.20000000e-04  9.00520000e-01  5.20000000e-04  1.79999981e+00 
 5.30000000e-04  9.00530000e-01  5.30000000e-04  1.79999981e+00 
 5.40000000e-04  9.00540000e-01  5.40000000e-04  1.79999981e+00 
 5.50000000e-04  9.00550000e-01  5.50000000e-04  1.79999981e+00 
 5.60000000e-04  9.00560000e-01  5.60000000e-04  1.79999982e+00 
 5.70000000e-04  9.00570000e-01  5.70000000e-04  1.79999982e+00 
 5.80000000e-04  9.00580000e-01  5.80000000e-04  1.79999982e+00 
 5.90000000e-04  9.00590000e-01  5.90000000e-04  1.79999982e+00 
 6.00000000e-04  9.00600000e-01  6.00000000e-04  1.79999982e+00 
 6.10000000e-04  9.00610000e-01  6.10000000e-04  1.79999983e+00 
 6.20000000e-04  9.00620000e-01  6.20000000e-04  1.79999983e+00 
 6.30000000e-04  9.00630000e-01  6.30000000e-04  1.79999983e+00 
 6.40000000e-04  9.00640000e-01  6.40000000e-04  1.79999983e+00 
 6.50000000e-04  9.00650000e-01  6.50000000e-04  1.79999984e+00 
 6.60000000e-04  9.00660000e-01  6.60000000e-04  1.79999984e+00 
 6.70000000e-04  9.00670000e-01  6.70000000e-04  1.79999984e+00 
 6.80000000e-04  9.00680000e-01  6.80000000e-04  1.79999984e+00 
 6.90000000e-04  9.00690000e-01  6.90000000e-04  1.79999984e+00 
 7.00000000e-04  9.00700000e-01  7.00000000e-04  1.79999985e+00 
 7.10000000e-04  9.00710000e-01  7.10000000e-04  1.79999985e+00 
 7.20000000e-04  9.00720000e-01  7.20000000e-04  1.79999985e+00 
 7.30000000e-04  9.00730000e-01  7.30000000e-04  1.79999985e+00 
 7.40000000e-04  9.00740000e-01  7.40000000e-04  1.79999985e+00 
 7.50000000e-04  9.00750000e-01  7.50000000e-04  1.79999985e+00 
 7.60000000e-04  9.00760000e-01  7.60000000e-04  1.79999985e+00 
 7.70000000e-04  9.00770000e-01  7.70000000e-04  1.79999986e+00 
 7.80000000e-04  9.00780000e-01  7.80000000e-04  1.79999986e+00 
 7.90000000e-04  9.00790000e-01  7.90000000e-04  1.79999986e+00 
 8.00000000e-04  9.00800000e-01  8.00000000e-04  1.79999986e+00 
 8.10000000e-04  9.00810000e-01  8.10000000e-04  1.79999986e+00 
 8.20000000e-04  9.00820000e-01  8.20000000e-04  1.79999986e+00 
 8.30000000e-04  9.00830000e-01  8.30000000e-04  1.79999986e+00 
 8.40000000e-04  9.00840000e-01  8.40000000e-04  1.79999986e+00 
 8.50000000e-04  9.00850000e-01  8.50000000e-04  1.79999986e+00 
 8.60000000e-04  9.00860000e-01  8.60000000e-04  1.79999986e+00 
 8.70000000e-04  9.00870000e-01  8.70000000e-04  1.79999987e+00 
 8.80000000e-04  9.00880000e-01  8.80000000e-04  1.79999987e+00 
 8.90000000e-04  9.00890000e-01  8.90000000e-04  1.79999987e+00 
 9.00000000e-04  9.00900000e-01  9.00000000e-04  1.79999987e+00 
 9.10000000e-04  9.00910000e-01  9.10000000e-04  1.79999987e+00 
 9.20000000e-04  9.00920000e-01  9.20000000e-04  1.79999987e+00 
 9.30000000e-04  9.00930000e-01  9.30000000e-04  1.79999987e+00 
 9.40000000e-04  9.00940000e-01  9.40000000e-04  1.79999987e+00 
 9.50000000e-04  9.00950000e-01  9.50000000e-04  1.79999987e+00 
 9.60000000e-04  9.00960000e-01  9.60000000e-04  1.79999988e+00 
 9.70000000e-04  9.00970000e-01  9.70000000e-04  1.79999988e+00 
 9.80000000e-04  9.00980000e-01  9.80000000e-04  1.79999988e+00 
 9.90000000e-04  9.00990000e-01  9.90000000e-04  1.79999988e+00 
 1.00000000e-03  9.01000000e-01  1.00000000e-03  1.79999988e+00 
