-9.00000000e-01  0.00000000e+00 -9.00000000e-01  1.49835093e-04 
-8.90000000e-01  1.00000000e-02 -8.90000000e-01  1.00595955e-02 
-8.80000000e-01  2.00000000e-02 -8.80000000e-01  2.00439436e-02 
-8.70000000e-01  3.00000000e-02 -8.70000000e-01  3.00387001e-02 
-8.60000000e-01  4.00000000e-02 -8.60000000e-01  4.00361626e-02 
-8.50000000e-01  5.00000000e-02 -8.50000000e-01  5.00346999e-02 
-8.40000000e-01  6.00000000e-02 -8.40000000e-01  6.00337867e-02 
-8.30000000e-01  7.00000000e-02 -8.30000000e-01  7.00331923e-02 
-8.20000000e-01  8.00000000e-02 -8.20000000e-01  8.00328025e-02 
-8.10000000e-01  9.00000000e-02 -8.10000000e-01  9.00325445e-02 
-8.00000000e-01  1.00000000e-01 -8.00000000e-01  1.00032374e-01 
-7.90000000e-01  1.10000000e-01 -7.90000000e-01  1.10032260e-01 
-7.80000000e-01  1.20000000e-01 -7.80000000e-01  1.20032184e-01 
-7.70000000e-01  1.30000000e-01 -7.70000000e-01  1.30032132e-01 
-7.60000000e-01  1.40000000e-01 -7.60000000e-01  1.40032096e-01 
-7.50000000e-01  1.50000000e-01 -7.50000000e-01  1.50032070e-01 
-7.40000000e-01  1.60000000e-01 -7.40000000e-01  1.60032051e-01 
-7.30000000e-01  1.70000000e-01 -7.30000000e-01  1.70032038e-01 
-7.20000000e-01  1.80000000e-01 -7.20000000e-01  1.80032028e-01 
-7.10000000e-01  1.90000000e-01 -7.10000000e-01  1.90032021e-01 
-7.00000000e-01  2.00000000e-01 -7.00000000e-01  2.00032016e-01 
-6.90000000e-01  2.10000000e-01 -6.90000000e-01  2.10032012e-01 
-6.80000000e-01  2.20000000e-01 -6.80000000e-01  2.20032010e-01 
-6.70000000e-01  2.30000000e-01 -6.70000000e-01  2.30032009e-01 
-6.60000000e-01  2.40000000e-01 -6.60000000e-01  2.40032008e-01 
-6.50000000e-01  2.50000000e-01 -6.50000000e-01  2.50032008e-01 
-6.40000000e-01  2.60000000e-01 -6.40000000e-01  2.60032008e-01 
-6.30000000e-01  2.70000000e-01 -6.30000000e-01  2.70032009e-01 
-6.20000000e-01  2.80000000e-01 -6.20000000e-01  2.80032011e-01 
-6.10000000e-01  2.90000000e-01 -6.10000000e-01  2.90032013e-01 
-6.00000000e-01  3.00000000e-01 -6.00000000e-01  3.00032015e-01 
-5.90000000e-01  3.10000000e-01 -5.90000000e-01  3.10032017e-01 
-5.80000000e-01  3.20000000e-01 -5.80000000e-01  3.20032020e-01 
-5.70000000e-01  3.30000000e-01 -5.70000000e-01  3.30032022e-01 
-5.60000000e-01  3.40000000e-01 -5.60000000e-01  3.40032026e-01 
-5.50000000e-01  3.50000000e-01 -5.50000000e-01  3.50032029e-01 
-5.40000000e-01  3.60000000e-01 -5.40000000e-01  3.60032032e-01 
-5.30000000e-01  3.70000000e-01 -5.30000000e-01  3.70032036e-01 
-5.20000000e-01  3.80000000e-01 -5.20000000e-01  3.80032040e-01 
-5.10000000e-01  3.90000000e-01 -5.10000000e-01  3.90032044e-01 
-5.00000000e-01  4.00000000e-01 -5.00000000e-01  4.00032048e-01 
-4.90000000e-01  4.10000000e-01 -4.90000000e-01  4.10032052e-01 
-4.80000000e-01  4.20000000e-01 -4.80000000e-01  4.20032056e-01 
-4.70000000e-01  4.30000000e-01 -4.70000000e-01  4.30032061e-01 
-4.60000000e-01  4.40000000e-01 -4.60000000e-01  4.40032065e-01 
-4.50000000e-01  4.50000000e-01 -4.50000000e-01  4.50032070e-01 
-4.40000000e-01  4.60000000e-01 -4.40000000e-01  4.60032075e-01 
-4.30000000e-01  4.70000000e-01 -4.30000000e-01  4.70032080e-01 
-4.20000000e-01  4.80000000e-01 -4.20000000e-01  4.80032085e-01 
-4.10000000e-01  4.90000000e-01 -4.10000000e-01  4.90032090e-01 
-4.00000000e-01  5.00000000e-01 -4.00000000e-01  5.00032096e-01 
-3.90000000e-01  5.10000000e-01 -3.90000000e-01  5.10032101e-01 
-3.80000000e-01  5.20000000e-01 -3.80000000e-01  5.20032107e-01 
-3.70000000e-01  5.30000000e-01 -3.70000000e-01  5.30032112e-01 
-3.60000000e-01  5.40000000e-01 -3.60000000e-01  5.40032118e-01 
-3.50000000e-01  5.50000000e-01 -3.50000000e-01  5.50032124e-01 
-3.40000000e-01  5.60000000e-01 -3.40000000e-01  5.60032130e-01 
-3.30000000e-01  5.70000000e-01 -3.30000000e-01  5.70032136e-01 
-3.20000000e-01  5.80000000e-01 -3.20000000e-01  5.80032142e-01 
-3.10000000e-01  5.90000000e-01 -3.10000000e-01  5.90032149e-01 
-3.00000000e-01  6.00000000e-01 -3.00000000e-01  6.00032155e-01 
-2.90000000e-01  6.10000000e-01 -2.90000000e-01  6.10032161e-01 
-2.80000000e-01  6.20000000e-01 -2.80000000e-01  6.20032168e-01 
-2.70000000e-01  6.30000000e-01 -2.70000000e-01  6.30032175e-01 
-2.60000000e-01  6.40000000e-01 -2.60000000e-01  6.40032181e-01 
-2.50000000e-01  6.50000000e-01 -2.50000000e-01  6.50032188e-01 
-2.40000000e-01  6.60000000e-01 -2.40000000e-01  6.60032195e-01 
-2.30000000e-01  6.70000000e-01 -2.30000000e-01  6.70032202e-01 
-2.20000000e-01  6.80000000e-01 -2.20000000e-01  6.80032210e-01 
-2.10000000e-01  6.90000000e-01 -2.10000000e-01  6.90032217e-01 
-2.00000000e-01  7.00000000e-01 -2.00000000e-01  7.00032224e-01 
-1.90000000e-01  7.10000000e-01 -1.90000000e-01  7.10032232e-01 
-1.80000000e-01  7.20000000e-01 -1.80000000e-01  7.20032239e-01 
-1.70000000e-01  7.30000000e-01 -1.70000000e-01  7.30032247e-01 
-1.60000000e-01  7.40000000e-01 -1.60000000e-01  7.40032255e-01 
-1.50000000e-01  7.50000000e-01 -1.50000000e-01  7.50032263e-01 
-1.40000000e-01  7.60000000e-01 -1.40000000e-01  7.60032271e-01 
-1.30000000e-01  7.70000000e-01 -1.30000000e-01  7.70032279e-01 
-1.20000000e-01  7.80000000e-01 -1.20000000e-01  7.80032287e-01 
-1.10000000e-01  7.90000000e-01 -1.10000000e-01  7.90032296e-01 
-1.00000000e-01  8.00000000e-01 -1.00000000e-01  8.00032304e-01 
-9.00000000e-02  8.10000000e-01 -9.00000000e-02  8.10032313e-01 
-8.00000000e-02  8.20000000e-01 -8.00000000e-02  8.20032322e-01 
-7.00000000e-02  8.30000000e-01 -7.00000000e-02  8.30032331e-01 
-6.00000000e-02  8.40000000e-01 -6.00000000e-02  8.40032340e-01 
-5.00000000e-02  8.50000000e-01 -5.00000000e-02  8.50032349e-01 
-4.00000000e-02  8.60000000e-01 -4.00000000e-02  8.60032358e-01 
-3.00000000e-02  8.70000000e-01 -3.00000000e-02  8.70032368e-01 
-2.00000000e-02  8.80000000e-01 -2.00000000e-02  8.80032377e-01 
-1.00000000e-02  8.90000000e-01 -1.00000000e-02  8.90032387e-01 
 6.41847686e-16  9.00000000e-01  6.41847686e-16  9.00032397e-01 
 1.00000000e-02  9.10000000e-01  1.00000000e-02  9.10032407e-01 
 2.00000000e-02  9.20000000e-01  2.00000000e-02  9.20032417e-01 
 3.00000000e-02  9.30000000e-01  3.00000000e-02  9.30032427e-01 
 4.00000000e-02  9.40000000e-01  4.00000000e-02  9.40032438e-01 
 5.00000000e-02  9.50000000e-01  5.00000000e-02  9.50032448e-01 
 6.00000000e-02  9.60000000e-01  6.00000000e-02  9.60032459e-01 
 7.00000000e-02  9.70000000e-01  7.00000000e-02  9.70032470e-01 
 8.00000000e-02  9.80000000e-01  8.00000000e-02  9.80032481e-01 
 9.00000000e-02  9.90000000e-01  9.00000000e-02  9.90032493e-01 
 1.00000000e-01  1.00000000e+00  1.00000000e-01  1.00003250e+00 
 1.10000000e-01  1.01000000e+00  1.10000000e-01  1.01003252e+00 
 1.20000000e-01  1.02000000e+00  1.20000000e-01  1.02003253e+00 
 1.30000000e-01  1.03000000e+00  1.30000000e-01  1.03003254e+00 
 1.40000000e-01  1.04000000e+00  1.40000000e-01  1.04003255e+00 
 1.50000000e-01  1.05000000e+00  1.50000000e-01  1.05003257e+00 
 1.60000000e-01  1.06000000e+00  1.60000000e-01  1.06003258e+00 
 1.70000000e-01  1.07000000e+00  1.70000000e-01  1.07003259e+00 
 1.80000000e-01  1.08000000e+00  1.80000000e-01  1.08003261e+00 
 1.90000000e-01  1.09000000e+00  1.90000000e-01  1.09003262e+00 
 2.00000000e-01  1.10000000e+00  2.00000000e-01  1.10003264e+00 
 2.10000000e-01  1.11000000e+00  2.10000000e-01  1.11003265e+00 
 2.20000000e-01  1.12000000e+00  2.20000000e-01  1.12003267e+00 
 2.30000000e-01  1.13000000e+00  2.30000000e-01  1.13003269e+00 
 2.40000000e-01  1.14000000e+00  2.40000000e-01  1.14003270e+00 
 2.50000000e-01  1.15000000e+00  2.50000000e-01  1.15003272e+00 
 2.60000000e-01  1.16000000e+00  2.60000000e-01  1.16003274e+00 
 2.70000000e-01  1.17000000e+00  2.70000000e-01  1.17003277e+00 
 2.80000000e-01  1.18000000e+00  2.80000000e-01  1.18003279e+00 
 2.90000000e-01  1.19000000e+00  2.90000000e-01  1.19003281e+00 
 3.00000000e-01  1.20000000e+00  3.00000000e-01  1.20003284e+00 
 3.10000000e-01  1.21000000e+00  3.10000000e-01  1.21003287e+00 
 3.20000000e-01  1.22000000e+00  3.20000000e-01  1.22003290e+00 
 3.30000000e-01  1.23000000e+00  3.30000000e-01  1.23003294e+00 
 3.40000000e-01  1.24000000e+00  3.40000000e-01  1.24003299e+00 
 3.50000000e-01  1.25000000e+00  3.50000000e-01  1.25003304e+00 
 3.60000000e-01  1.26000000e+00  3.60000000e-01  1.26003310e+00 
 3.70000000e-01  1.27000000e+00  3.70000000e-01  1.27003317e+00 
 3.80000000e-01  1.28000000e+00  3.80000000e-01  1.28003325e+00 
 3.90000000e-01  1.29000000e+00  3.90000000e-01  1.29003336e+00 
 4.00000000e-01  1.30000000e+00  4.00000000e-01  1.30003349e+00 
 4.10000000e-01  1.31000000e+00  4.10000000e-01  1.31003366e+00 
 4.20000000e-01  1.32000000e+00  4.20000000e-01  1.32003387e+00 
 4.30000000e-01  1.33000000e+00  4.30000000e-01  1.33003414e+00 
 4.40000000e-01  1.34000000e+00  4.40000000e-01  1.34003447e+00 
 4.50000000e-01  1.35000000e+00  4.50000000e-01  1.35003488e+00 
 4.60000000e-01  1.36000000e+00  4.60000000e-01  1.36003540e+00 
 4.70000000e-01  1.37000000e+00  4.70000000e-01  1.37003602e+00 
 4.80000000e-01  1.38000000e+00  4.80000000e-01  1.38003679e+00 
 4.90000000e-01  1.39000000e+00  4.90000000e-01  1.39003770e+00 
 5.00000000e-01  1.40000000e+00  5.00000000e-01  1.40003880e+00 
 5.10000000e-01  1.41000000e+00  5.10000000e-01  1.41004011e+00 
 5.20000000e-01  1.42000000e+00  5.20000000e-01  1.42004167e+00 
 5.30000000e-01  1.43000000e+00  5.30000000e-01  1.43004351e+00 
 5.40000000e-01  1.44000000e+00  5.40000000e-01  1.44004570e+00 
 5.50000000e-01  1.45000000e+00  5.50000000e-01  1.45004828e+00 
 5.60000000e-01  1.46000000e+00  5.60000000e-01  1.46005133e+00 
 5.70000000e-01  1.47000000e+00  5.70000000e-01  1.47005496e+00 
 5.80000000e-01  1.48000000e+00  5.80000000e-01  1.48005928e+00 
 5.90000000e-01  1.49000000e+00  5.90000000e-01  1.49006443e+00 
 6.00000000e-01  1.50000000e+00  6.00000000e-01  1.50007061e+00 
 6.10000000e-01  1.51000000e+00  6.10000000e-01  1.51007806e+00 
 6.20000000e-01  1.52000000e+00  6.20000000e-01  1.52008708e+00 
 6.30000000e-01  1.53000000e+00  6.30000000e-01  1.53009807e+00 
 6.40000000e-01  1.54000000e+00  6.40000000e-01  1.54011154e+00 
 6.50000000e-01  1.55000000e+00  6.50000000e-01  1.55012815e+00 
 6.60000000e-01  1.56000000e+00  6.60000000e-01  1.56014876e+00 
 6.70000000e-01  1.57000000e+00  6.70000000e-01  1.57017449e+00 
 6.80000000e-01  1.58000000e+00  6.80000000e-01  1.58020681e+00 
 6.90000000e-01  1.59000000e+00  6.90000000e-01  1.59024762e+00 
 7.00000000e-01  1.60000000e+00  7.00000000e-01  1.60029944e+00 
 7.10000000e-01  1.61000000e+00  7.10000000e-01  1.61036553e+00 
 7.20000000e-01  1.62000000e+00  7.20000000e-01  1.62045018e+00 
 7.30000000e-01  1.63000000e+00  7.30000000e-01  1.63055903e+00 
 7.40000000e-01  1.64000000e+00  7.40000000e-01  1.64069948e+00 
 7.50000000e-01  1.65000000e+00  7.50000000e-01  1.65088124e+00 
 7.60000000e-01  1.66000000e+00  7.60000000e-01  1.66111713e+00 
 7.70000000e-01  1.67000000e+00  7.70000000e-01  1.67142403e+00 
 7.80000000e-01  1.68000000e+00  7.80000000e-01  1.68182426e+00 
 7.90000000e-01  1.69000000e+00  7.90000000e-01  1.69234732e+00 
 8.00000000e-01  1.70000000e+00  8.00000000e-01  1.70303220e+00 
 8.10000000e-01  1.71000000e+00  8.10000000e-01  1.71393029e+00 
 8.20000000e-01  1.72000000e+00  8.20000000e-01  1.72510845e+00 
 8.30000000e-01  1.73000000e+00  8.30000000e-01  1.73665026e+00 
 8.40000000e-01  1.74000000e+00  8.40000000e-01  1.74864680e+00 
 8.50000000e-01  1.75000000e+00  8.50000000e-01  1.76114425e+00 
 8.60000000e-01  1.76000000e+00  8.60000000e-01  1.77385330e+00 
 8.70000000e-01  1.77000000e+00  8.70000000e-01  1.78526292e+00 
 8.80000000e-01  1.78000000e+00  8.80000000e-01  1.79249772e+00 
 8.90000000e-01  1.79000000e+00  8.90000000e-01  1.79588777e+00 
 9.00000000e-01  1.80000000e+00  9.00000000e-01  1.79840861e+00 
