 1.00000000e+00  3.01923157e-02  1.00000000e+00 -1.85965994e-05 
 1.25892541e+00  3.01923157e-02  1.25892541e+00 -2.34117315e-05 
 1.58489319e+00  3.01923157e-02  1.58489319e+00 -2.94736237e-05 
 1.99526231e+00  3.01923158e-02  1.99526231e+00 -3.71050939e-05 
 2.51188643e+00  3.01923159e-02  2.51188643e+00 -4.67125457e-05 
 3.16227766e+00  3.01923161e-02  3.16227766e+00 -5.88076109e-05 
 3.98107171e+00  3.01923164e-02  3.98107171e+00 -7.40343958e-05 
 5.01187234e+00  3.01923168e-02  5.01187234e+00 -9.32037825e-05 
 6.30957344e+00  3.01923175e-02  6.30957344e+00 -1.17336611e-04 
 7.94328235e+00  3.01923185e-02  7.94328235e+00 -1.47718042e-04 
 1.00000000e+01  3.01923203e-02  1.00000000e+01 -1.85965998e-04 
 1.25892541e+01  3.01923230e-02  1.25892541e+01 -2.34117324e-04 
 1.58489319e+01  3.01923273e-02  1.58489319e+01 -2.94736256e-04 
 1.99526231e+01  3.01923341e-02  1.99526231e+01 -3.71050976e-04 
 2.51188643e+01  3.01923449e-02  2.51188643e+01 -4.67125531e-04 
 3.16227766e+01  3.01923620e-02  3.16227766e+01 -5.88076256e-04 
 3.98107171e+01  3.01923891e-02  3.98107171e+01 -7.40344253e-04 
 5.01187234e+01  3.01924320e-02  5.01187234e+01 -9.32038413e-04 
 6.30957344e+01  3.01925001e-02  6.30957344e+01 -1.17336728e-03 
 7.94328235e+01  3.01926080e-02  7.94328235e+01 -1.47718276e-03 
 1.00000000e+02  3.01927790e-02  1.00000000e+02 -1.85966466e-03 
 1.25892541e+02  3.01930499e-02  1.25892541e+02 -2.34118257e-03 
 1.58489319e+02  3.01934794e-02  1.58489319e+02 -2.94738116e-03 
 1.99526231e+02  3.01941601e-02  1.99526231e+02 -3.71054688e-03 
 2.51188643e+02  3.01952390e-02  2.51188643e+02 -4.67132936e-03 
 3.16227766e+02  3.01969488e-02  3.16227766e+02 -5.88091032e-03 
 3.98107171e+02  3.01996585e-02  3.98107171e+02 -7.40373734e-03 
 5.01187234e+02  3.02039529e-02  5.01187234e+02 -9.32097231e-03 
 6.30957344e+02  3.02107584e-02  6.30957344e+02 -1.17348463e-02 
 7.94328235e+02  3.02215429e-02  7.94328235e+02 -1.47741687e-02 
 1.00000000e+03  3.02386314e-02  1.00000000e+03 -1.86013166e-02 
 1.25892541e+03  3.02657051e-02  1.25892541e+03 -2.34211404e-02 
 1.58489319e+03  3.03085898e-02  1.58489319e+03 -2.94923866e-02 
 1.99526231e+03  3.03764967e-02  1.99526231e+03 -3.71424983e-02 
 2.51188643e+03  3.04839699e-02  2.51188643e+03 -4.67870750e-02 
 3.16227766e+03  3.06539230e-02  3.16227766e+03 -5.89559940e-02 
 3.98107171e+03  3.09223315e-02  3.98107171e+03 -7.43294454e-02 
 5.01187234e+03  3.13453730e-02  5.01187234e+03 -9.37893065e-02 
 6.30957344e+03  3.20100300e-02  6.30957344e+03 -1.18494977e-01 
 7.94328235e+03  3.30492200e-02  7.94328235e+03 -1.49998636e-01 
 1.00000000e+04  3.46620066e-02  1.00000000e+04 -1.90422729e-01 
 1.25892541e+04  3.71376912e-02  1.25892541e+04 -2.42728852e-01 
 1.58489319e+04  4.08790635e-02  1.58489319e+04 -3.11099871e-01 
 1.99526231e+04  4.64164267e-02  1.99526231e+04 -4.01409896e-01 
 2.51188643e+04  5.44085559e-02  2.51188643e+04 -5.21644038e-01 
 3.16227766e+04  6.56563996e-02  3.16227766e+04 -6.82000696e-01 
 3.98107171e+04  8.12164055e-02  3.98107171e+04 -8.94484448e-01 
 5.01187234e+04  1.02746517e-01  5.01187234e+04 -1.17230618e+00 
 6.30957344e+04  1.33173936e-01  6.30957344e+04 -1.53000341e+00 
 7.94328235e+04  1.77688307e-01  7.94328235e+04 -1.98501888e+00 
 1.00000000e+05  2.45130094e-01  1.00000000e+05 -2.56060812e+00 
 1.25892541e+05  3.50139022e-01  1.25892541e+05 -3.28969771e+00 
 1.58489319e+05  5.16891162e-01  1.58489319e+05 -4.22035010e+00 
 1.99526231e+05  7.86080439e-01  1.99526231e+05 -5.42563441e+00 
 2.51188643e+05  1.22889719e+00  2.51188643e+05 -7.02548353e+00 
 3.16227766e+05  1.97809606e+00  3.16227766e+05 -9.24400266e+00 
 3.98107171e+05  3.30924235e+00  3.98107171e+05 -1.25959989e+01 
 5.01187234e+05  5.91674289e+00  5.01187234e+05 -1.87580121e+01 
 6.30957344e+05  1.23527535e+01  6.30957344e+05 -3.95279550e+01 
 7.94328235e+05  1.10924683e+01  7.94328235e+05 -1.62224761e+02 
 1.00000000e+06  4.43244790e-01  1.00000000e+06  1.72341250e+02 
