 0.00000000e+00  9.00000000e-01  0.00000000e+00  8.91063099e-01  0.00000000e+00 -8.04068356e-05 
 1.00000000e-06  9.01884952e-01  1.00000000e-06  8.92746981e-01  1.00000000e-06 -8.03614428e-05 
 2.00000000e-06  9.03769886e-01  2.00000000e-06  8.94705361e-01  2.00000000e-06 -8.03190745e-05 
 4.00000000e-06  9.07539624e-01  4.00000000e-06  8.98534248e-01  4.00000000e-06 -8.02383161e-05 
 7.32571160e-06  9.13807422e-01  7.32571160e-06  9.04794078e-01  7.32571160e-06 -8.01136200e-05 
 1.39771348e-05  9.26337813e-01  1.39771348e-05  9.17412367e-01  1.39771348e-05 -7.98668572e-05 
 2.72799812e-05  9.51358628e-01  2.72799812e-05  9.42480338e-01  2.72799812e-05 -7.93731695e-05 
 5.38856740e-05  1.00108765e+00  5.38856740e-05  9.92411165e-01  5.38856740e-05 -7.83406367e-05 
 1.07097060e-04  1.09808595e+00  1.07097060e-04  1.08960144e+00  1.07097060e-04 -7.61702190e-05 
 2.07097060e-04  1.26340534e+00  2.07097060e-04  1.25425094e+00  2.07097060e-04 -7.22311461e-05 
 3.07097060e-04  1.39315208e+00  3.07097060e-04  1.37811418e+00  3.07097060e-04 -6.93707705e-05 
 4.07097060e-04  1.47462566e+00  4.07097060e-04  1.44510084e+00  4.07097060e-04 -6.78315375e-05 
 5.07097060e-04  1.49985087e+00  5.07097060e-04  1.46168364e+00  5.07097060e-04 -6.74158654e-05 
 6.07097060e-04  1.46635850e+00  6.07097060e-04  1.44040744e+00  6.07097060e-04 -6.79610668e-05 
 7.07097060e-04  1.37742702e+00  7.07097060e-04  1.36477282e+00  7.07097060e-04 -6.96985979e-05 
 8.07097060e-04  1.24176165e+00  8.07097060e-04  1.23319231e+00  8.07097060e-04 -7.27956534e-05 
 9.07097060e-04  1.07264227e+00  9.07097060e-04  1.06437990e+00  9.07097060e-04 -7.68261069e-05 
 1.00709706e-03  8.86623466e-01  1.00709706e-03  8.77738081e-01  1.00709706e-03 -8.06938059e-05 
 1.10709706e-03  7.01914047e-01  1.10709706e-03  6.92467997e-01  1.10709706e-03 -8.35243825e-05 
 1.20709706e-03  5.36594661e-01  1.20709706e-03  5.26845654e-01  1.20709706e-03 -8.50849582e-05 
 1.30709706e-03  4.06847921e-01  1.30709706e-03  3.97003037e-01  1.30709706e-03 -8.56064673e-05 
 1.40709706e-03  3.25374343e-01  1.40709706e-03  3.15490098e-01  1.40709706e-03 -8.53278656e-05 
 1.50709706e-03  3.00149128e-01  1.50709706e-03  2.90202877e-01  1.50709706e-03 -8.49893399e-05 
 1.60709706e-03  3.33641496e-01  1.60709706e-03  3.23625498e-01  1.60709706e-03 -8.54034649e-05 
 1.70709706e-03  4.22572980e-01  1.70709706e-03  4.12572328e-01  1.70709706e-03 -8.55679710e-05 
 1.80709706e-03  5.58238347e-01  1.80709706e-03  5.48317290e-01  1.80709706e-03 -8.48937491e-05 
 1.90709706e-03  7.27357726e-01  1.90709706e-03  7.17793648e-01  1.90709706e-03 -8.31311477e-05 
 2.00709706e-03  9.13376534e-01  2.00709706e-03  9.04374401e-01  2.00709706e-03 -8.01175436e-05 
 2.10709706e-03  1.09808595e+00  2.10709706e-03  1.08970147e+00  2.10709706e-03 -7.61463991e-05 
 2.20709706e-03  1.26340534e+00  2.20709706e-03  1.25417522e+00  2.20709706e-03 -7.22342440e-05 
 2.30709706e-03  1.39315208e+00  2.30709706e-03  1.37830255e+00  2.30709706e-03 -6.93659905e-05 
 2.40709706e-03  1.47462566e+00  2.40709706e-03  1.44471083e+00  2.40709706e-03 -6.78407922e-05 
 2.50709706e-03  1.49985087e+00  2.50709706e-03  1.46216021e+00  2.50709706e-03 -6.74040858e-05 
 2.60709706e-03  1.46635850e+00  2.60709706e-03  1.44014668e+00  2.60709706e-03 -6.79665784e-05 
 2.70709706e-03  1.37742702e+00  2.70709706e-03  1.36494096e+00  2.70709706e-03 -6.96951834e-05 
 2.80709706e-03  1.24176165e+00  2.80709706e-03  1.23313404e+00  2.80709706e-03 -7.27979550e-05 
 2.90709706e-03  1.07264227e+00  2.90709706e-03  1.06441235e+00  2.90709706e-03 -7.68240922e-05 
 3.00709706e-03  8.86623466e-01  3.00709706e-03  8.77714320e-01  3.00709706e-03 -8.06956763e-05 
 3.10709706e-03  7.01914047e-01  3.10709706e-03  6.92487848e-01  3.10709706e-03 -8.35226124e-05 
 3.20709706e-03  5.36594661e-01  3.20709706e-03  5.26827636e-01  3.20709706e-03 -8.50866423e-05 
 3.30709706e-03  4.06847921e-01  3.30709706e-03  3.97020276e-01  3.30709706e-03 -8.56048838e-05 
 3.40709706e-03  3.25374343e-01  3.40709706e-03  3.15473150e-01  3.40709706e-03 -8.53292296e-05 
 3.50709706e-03  3.00149128e-01  3.50709706e-03  2.90219711e-01  3.50709706e-03 -8.49881416e-05 
 3.60709706e-03  3.33641496e-01  3.60709706e-03  3.23608692e-01  3.60709706e-03 -8.54047491e-05 
 3.70709706e-03  4.22572980e-01  3.70709706e-03  4.12589359e-01  3.70709706e-03 -8.55665924e-05 
 3.80709706e-03  5.58238347e-01  3.80709706e-03  5.48299448e-01  3.80709706e-03 -8.48951294e-05 
 3.90709706e-03  7.27357726e-01  3.90709706e-03  7.17813505e-01  3.90709706e-03 -8.31297566e-05 
 4.00709706e-03  9.13376534e-01  4.00709706e-03  9.04350106e-01  4.00709706e-03 -8.01189767e-05 
 4.10709706e-03  1.09808595e+00  4.10709706e-03  1.08971996e+00  4.10709706e-03 -7.61449830e-05 
 4.20709706e-03  1.26340534e+00  4.20709706e-03  1.25411409e+00  4.20709706e-03 -7.22360156e-05 
 4.30709706e-03  1.39315208e+00  4.30709706e-03  1.37844445e+00  4.30709706e-03 -6.93632010e-05 
 4.40709706e-03  1.47462566e+00  4.40709706e-03  1.44442533e+00  4.40709706e-03 -6.78468219e-05 
 4.50709706e-03  1.49985087e+00  4.50709706e-03  1.46250459e+00  4.50709706e-03 -6.73962455e-05 
 4.60709706e-03  1.46635850e+00  4.60709706e-03  1.43995339e+00  4.60709706e-03 -6.79700834e-05 
 4.70709706e-03  1.37742702e+00  4.70709706e-03  1.36505791e+00  4.70709706e-03 -6.96932516e-05 
 4.80709706e-03  1.24176165e+00  4.80709706e-03  1.23309263e+00  4.80709706e-03 -7.27992040e-05 
 4.90709706e-03  1.07264227e+00  4.90709706e-03  1.06443494e+00  4.90709706e-03 -7.68229830e-05 
 5.00709706e-03  8.86623466e-01  5.00709706e-03  8.77698062e-01  5.00709706e-03 -8.06967202e-05 
 5.10709706e-03  7.01914047e-01  5.10709706e-03  6.92501255e-01  5.10709706e-03 -8.35216105e-05 
 5.20709706e-03  5.36594661e-01  5.20709706e-03  5.26815584e-01  5.20709706e-03 -8.50876108e-05 
 5.30709706e-03  4.06847921e-01  5.30709706e-03  3.97031722e-01  5.30709706e-03 -8.56039665e-05 
 5.40709706e-03  3.25374343e-01  5.40709706e-03  3.15461978e-01  5.40709706e-03 -8.53300002e-05 
 5.50709706e-03  3.00149128e-01  5.50709706e-03  2.90230731e-01  5.50709706e-03 -8.49874728e-05 
 5.60709706e-03  3.33641496e-01  5.60709706e-03  3.23597769e-01  5.60709706e-03 -8.54055178e-05 
 5.70709706e-03  4.22572980e-01  5.70709706e-03  4.12600360e-01  5.70709706e-03 -8.55657205e-05 
 5.80709706e-03  5.58238347e-01  5.80709706e-03  5.48287990e-01  5.80709706e-03 -8.48960206e-05 
 5.90709706e-03  7.27357726e-01  5.90709706e-03  7.17826209e-01  5.90709706e-03 -8.31288546e-05 
 6.00709706e-03  9.13376534e-01  6.00709706e-03  9.04334600e-01  6.00709706e-03 -8.01199001e-05 
 6.10709706e-03  1.09808595e+00  6.10709706e-03  1.08973160e+00  6.10709706e-03 -7.61440565e-05 
 6.20709706e-03  1.26340534e+00  6.20709706e-03  1.25407516e+00  6.20709706e-03 -7.22370818e-05 
 6.30709706e-03  1.39315208e+00  6.30709706e-03  1.37853432e+00  6.30709706e-03 -6.93615720e-05 
 6.40709706e-03  1.47462566e+00  6.40709706e-03  1.44424760e+00  6.40709706e-03 -6.78503926e-05 
 6.50709706e-03  1.49985087e+00  6.50709706e-03  1.46271532e+00  6.50709706e-03 -6.73916477e-05 
 6.60709706e-03  1.46635850e+00  6.60709706e-03  1.43983424e+00  6.60709706e-03 -6.79720727e-05 
 6.70709706e-03  1.37742702e+00  6.70709706e-03  1.36512646e+00  6.70709706e-03 -6.96922296e-05 
 6.80709706e-03  1.24176165e+00  6.80709706e-03  1.23306821e+00  6.80709706e-03 -7.27999045e-05 
 6.90709706e-03  1.07264227e+00  6.90709706e-03  1.06444791e+00  6.90709706e-03 -7.68223198e-05 
 7.00709706e-03  8.86623466e-01  7.00709706e-03  8.77688980e-01  7.00709706e-03 -8.06973751e-05 
 7.10709706e-03  7.01914047e-01  7.10709706e-03  6.92508566e-01  7.10709706e-03 -8.35209633e-05 
 7.20709706e-03  5.36594661e-01  7.20709706e-03  5.26809149e-01  7.20709706e-03 -8.50882499e-05 
 7.30709706e-03  4.06847921e-01  7.30709706e-03  3.97037719e-01  7.30709706e-03 -8.56033540e-05 
 7.40709706e-03  3.25374343e-01  7.40709706e-03  3.15456236e-01  7.40709706e-03 -8.53305044e-05 
 7.50709706e-03  3.00149128e-01  7.50709706e-03  2.90236285e-01  7.50709706e-03 -8.49870443e-05 
 7.60709706e-03  3.33641496e-01  7.60709706e-03  3.23592373e-01  7.60709706e-03 -8.54060265e-05 
 7.70709706e-03  4.22572980e-01  7.70709706e-03  4.12605694e-01  7.70709706e-03 -8.55651401e-05 
 7.80709706e-03  5.58238347e-01  7.80709706e-03  5.48282534e-01  7.80709706e-03 -8.48966063e-05 
 7.90709706e-03  7.27357726e-01  7.90709706e-03  7.17832175e-01  7.90709706e-03 -8.31282788e-05 
 8.00709706e-03  9.13376534e-01  8.00709706e-03  9.04327395e-01  8.00709706e-03 -8.01204559e-05 
 8.10709706e-03  1.09808595e+00  8.10709706e-03  1.08973682e+00  8.10709706e-03 -7.61435024e-05 
 8.20709706e-03  1.26340534e+00  8.20709706e-03  1.25405734e+00  8.20709706e-03 -7.22375790e-05 
 8.30709706e-03  1.39315208e+00  8.30709706e-03  1.37857455e+00  8.30709706e-03 -6.93609440e-05 
 8.40709706e-03  1.47462566e+00  8.40709706e-03  1.44417142e+00  8.40709706e-03 -6.78517454e-05 
 8.50709706e-03  1.49985087e+00  8.50709706e-03  1.46280216e+00  8.50709706e-03 -6.73899594e-05 
 8.60709706e-03  1.46635850e+00  8.60709706e-03  1.43978729e+00  8.60709706e-03 -6.79726678e-05 
 8.70709706e-03  1.37742702e+00  8.70709706e-03  1.36515225e+00  8.70709706e-03 -6.96919571e-05 
 8.80709706e-03  1.24176165e+00  8.80709706e-03  1.23305941e+00  8.80709706e-03 -7.28001696e-05 
 8.90709706e-03  1.07264227e+00  8.90709706e-03  1.06445217e+00  8.90709706e-03 -7.68219980e-05 
 9.00709706e-03  8.86623466e-01  9.00709706e-03  8.77686324e-01  9.00709706e-03 -8.06977316e-05 
 9.10709706e-03  7.01914047e-01  9.10709706e-03  6.92510470e-01  9.10709706e-03 -8.35205847e-05 
 9.20709706e-03  5.36594661e-01  9.20709706e-03  5.26807659e-01  9.20709706e-03 -8.50886383e-05 
 9.30709706e-03  4.06847921e-01  9.30709706e-03  3.97038948e-01  9.30709706e-03 -8.56029749e-05 
 9.40709706e-03  3.25374343e-01  9.40709706e-03  3.15455220e-01  9.40709706e-03 -8.53308153e-05 
 9.50709706e-03  3.00149128e-01  9.50709706e-03  2.90237108e-01  9.50709706e-03 -8.49867733e-05 
 9.60709706e-03  3.33641496e-01  9.60709706e-03  3.23591737e-01  9.60709706e-03 -8.54063448e-05 
 9.70709706e-03  4.22572980e-01  9.70709706e-03  4.12606169e-01  9.70709706e-03 -8.55647786e-05 
 9.80709706e-03  5.58238347e-01  9.80709706e-03  5.48282202e-01  9.80709706e-03 -8.48969578e-05 
 9.90709706e-03  7.27357726e-01  9.90709706e-03  7.17832403e-01  9.90709706e-03 -8.31279566e-05 
 1.00000000e-02  9.00000000e-01  1.00000000e-02  8.90905790e-01  1.00000000e-02 -8.03732020e-05 
