-1.00000000e-04  9.00481986e-01 -1.00000000e-04  1.41072329e+00 -1.00000000e-04  1.13310637e+00 
-9.90000000e-05  9.00481669e-01 -9.90000000e-05  1.41070839e+00 -9.90000000e-05  1.12951928e+00 
-9.80000000e-05  9.00481349e-01 -9.80000000e-05  1.41069377e+00 -9.80000000e-05  1.12589927e+00 
-9.70000000e-05  9.00481027e-01 -9.70000000e-05  1.41067919e+00 -9.70000000e-05  1.12227062e+00 
-9.60000000e-05  9.00480704e-01 -9.60000000e-05  1.41066474e+00 -9.60000000e-05  1.11862487e+00 
-9.50000000e-05  9.00480379e-01 -9.50000000e-05  1.41065039e+00 -9.50000000e-05  1.11496174e+00 
-9.40000000e-05  9.00480052e-01 -9.40000000e-05  1.41063615e+00 -9.40000000e-05  1.11128094e+00 
-9.30000000e-05  9.00479723e-01 -9.30000000e-05  1.41062200e+00 -9.30000000e-05  1.10758215e+00 
-9.20000000e-05  9.00479392e-01 -9.20000000e-05  1.41060794e+00 -9.20000000e-05  1.10386509e+00 
-9.10000000e-05  9.00479059e-01 -9.10000000e-05  1.41059396e+00 -9.10000000e-05  1.10012942e+00 
-9.00000000e-05  9.00478724e-01 -9.00000000e-05  1.41058006e+00 -9.00000000e-05  1.09637483e+00 
-8.90000000e-05  9.00478387e-01 -8.90000000e-05  1.41056623e+00 -8.90000000e-05  1.09260097e+00 
-8.80000000e-05  9.00478047e-01 -8.80000000e-05  1.41055246e+00 -8.80000000e-05  1.08880752e+00 
-8.70000000e-05  9.00477706e-01 -8.70000000e-05  1.41053875e+00 -8.70000000e-05  1.08499411e+00 
-8.60000000e-05  9.00477362e-01 -8.60000000e-05  1.41052509e+00 -8.60000000e-05  1.08116037e+00 
-8.50000000e-05  9.00477016e-01 -8.50000000e-05  1.41051148e+00 -8.50000000e-05  1.07730595e+00 
-8.40000000e-05  9.00476668e-01 -8.40000000e-05  1.41049792e+00 -8.40000000e-05  1.07343045e+00 
-8.30000000e-05  9.00476317e-01 -8.30000000e-05  1.41048439e+00 -8.30000000e-05  1.06953348e+00 
-8.20000000e-05  9.00475964e-01 -8.20000000e-05  1.41047090e+00 -8.20000000e-05  1.06561462e+00 
-8.10000000e-05  9.00475609e-01 -8.10000000e-05  1.41045743e+00 -8.10000000e-05  1.06167347e+00 
-8.00000000e-05  9.00475251e-01 -8.00000000e-05  1.41044399e+00 -8.00000000e-05  1.05770958e+00 
-7.90000000e-05  9.00474890e-01 -7.90000000e-05  1.41043057e+00 -7.90000000e-05  1.05372252e+00 
-7.80000000e-05  9.00474527e-01 -7.80000000e-05  1.41041717e+00 -7.80000000e-05  1.04971182e+00 
-7.70000000e-05  9.00474161e-01 -7.70000000e-05  1.41040378e+00 -7.70000000e-05  1.04567700e+00 
-7.60000000e-05  9.00473792e-01 -7.60000000e-05  1.41039040e+00 -7.60000000e-05  1.04161759e+00 
-7.50000000e-05  9.00473421e-01 -7.50000000e-05  1.41037702e+00 -7.50000000e-05  1.03753306e+00 
-7.40000000e-05  9.00473046e-01 -7.40000000e-05  1.41036364e+00 -7.40000000e-05  1.03342290e+00 
-7.30000000e-05  9.00472669e-01 -7.30000000e-05  1.41035026e+00 -7.30000000e-05  1.02928657e+00 
-7.20000000e-05  9.00472289e-01 -7.20000000e-05  1.41033688e+00 -7.20000000e-05  1.02512350e+00 
-7.10000000e-05  9.00471906e-01 -7.10000000e-05  1.41032348e+00 -7.10000000e-05  1.02093313e+00 
-7.00000000e-05  9.00471519e-01 -7.00000000e-05  1.41031007e+00 -7.00000000e-05  1.01671485e+00 
-6.90000000e-05  9.00471130e-01 -6.90000000e-05  1.41029664e+00 -6.90000000e-05  1.01246804e+00 
-6.80000000e-05  9.00470737e-01 -6.80000000e-05  1.41028319e+00 -6.80000000e-05  1.00819205e+00 
-6.70000000e-05  9.00470341e-01 -6.70000000e-05  1.41026972e+00 -6.70000000e-05  1.00388624e+00 
-6.60000000e-05  9.00469941e-01 -6.60000000e-05  1.41025621e+00 -6.60000000e-05  9.99549891e-01 
-6.50000000e-05  9.00469538e-01 -6.50000000e-05  1.41024268e+00 -6.50000000e-05  9.95182303e-01 
-6.40000000e-05  9.00469131e-01 -6.40000000e-05  1.41022911e+00 -6.40000000e-05  9.90782726e-01 
-6.30000000e-05  9.00468721e-01 -6.30000000e-05  1.41021550e+00 -6.30000000e-05  9.86350388e-01 
-6.20000000e-05  9.00468307e-01 -6.20000000e-05  1.41020185e+00 -6.20000000e-05  9.81884486e-01 
-6.10000000e-05  9.00467888e-01 -6.10000000e-05  1.41018816e+00 -6.10000000e-05  9.77384180e-01 
-6.00000000e-05  9.00467466e-01 -6.00000000e-05  1.41017441e+00 -6.00000000e-05  9.72848602e-01 
-5.90000000e-05  9.00467040e-01 -5.90000000e-05  1.41016062e+00 -5.90000000e-05  9.68276845e-01 
-5.80000000e-05  9.00466610e-01 -5.80000000e-05  1.41014676e+00 -5.80000000e-05  9.63667963e-01 
-5.70000000e-05  9.00466175e-01 -5.70000000e-05  1.41013285e+00 -5.70000000e-05  9.59020970e-01 
-5.60000000e-05  9.00465736e-01 -5.60000000e-05  1.41011887e+00 -5.60000000e-05  9.54334835e-01 
-5.50000000e-05  9.00465293e-01 -5.50000000e-05  1.41010482e+00 -5.50000000e-05  9.49608481e-01 
-5.40000000e-05  9.00464845e-01 -5.40000000e-05  1.41009070e+00 -5.40000000e-05  9.44840785e-01 
-5.30000000e-05  9.00464392e-01 -5.30000000e-05  1.41007651e+00 -5.30000000e-05  9.40030570e-01 
-5.20000000e-05  9.00463934e-01 -5.20000000e-05  1.41006223e+00 -5.20000000e-05  9.35176599e-01 
-5.10000000e-05  9.00463470e-01 -5.10000000e-05  1.41004787e+00 -5.10000000e-05  9.30277582e-01 
-5.00000000e-05  9.00463002e-01 -5.00000000e-05  1.41003342e+00 -5.00000000e-05  9.25332160e-01 
-4.90000000e-05  9.00462528e-01 -4.90000000e-05  1.41001888e+00 -4.90000000e-05  9.20338909e-01 
-4.80000000e-05  9.00462049e-01 -4.80000000e-05  1.41000424e+00 -4.80000000e-05  9.15296328e-01 
-4.70000000e-05  9.00461564e-01 -4.70000000e-05  1.40998950e+00 -4.70000000e-05  9.10202842e-01 
-4.60000000e-05  9.00461073e-01 -4.60000000e-05  1.40997465e+00 -4.60000000e-05  9.05056784e-01 
-4.50000000e-05  9.00460575e-01 -4.50000000e-05  1.40995968e+00 -4.50000000e-05  8.99856405e-01 
-4.40000000e-05  9.00460072e-01 -4.40000000e-05  1.40994460e+00 -4.40000000e-05  8.94599847e-01 
-4.30000000e-05  9.00459561e-01 -4.30000000e-05  1.40992939e+00 -4.30000000e-05  8.89285149e-01 
-4.20000000e-05  9.00459044e-01 -4.20000000e-05  1.40991405e+00 -4.20000000e-05  8.83910241e-01 
-4.10000000e-05  9.00458520e-01 -4.10000000e-05  1.40989857e+00 -4.10000000e-05  8.78472912e-01 
-4.00000000e-05  9.00457988e-01 -4.00000000e-05  1.40988295e+00 -4.00000000e-05  8.72970831e-01 
-3.90000000e-05  9.00457449e-01 -3.90000000e-05  1.40986718e+00 -3.90000000e-05  8.67401500e-01 
-3.80000000e-05  9.00456901e-01 -3.80000000e-05  1.40985125e+00 -3.80000000e-05  8.61762274e-01 
-3.70000000e-05  9.00456346e-01 -3.70000000e-05  1.40983516e+00 -3.70000000e-05  8.56050318e-01 
-3.60000000e-05  9.00455781e-01 -3.60000000e-05  1.40981889e+00 -3.60000000e-05  8.50262606e-01 
-3.50000000e-05  9.00455208e-01 -3.50000000e-05  1.40980244e+00 -3.50000000e-05  8.44395889e-01 
-3.40000000e-05  9.00454625e-01 -3.40000000e-05  1.40978579e+00 -3.40000000e-05  8.38446687e-01 
-3.30000000e-05  9.00454032e-01 -3.30000000e-05  1.40976895e+00 -3.30000000e-05  8.32411248e-01 
-3.20000000e-05  9.00453429e-01 -3.20000000e-05  1.40975188e+00 -3.20000000e-05  8.26285528e-01 
-3.10000000e-05  9.00452816e-01 -3.10000000e-05  1.40973460e+00 -3.10000000e-05  8.20065152e-01 
-3.00000000e-05  9.00452190e-01 -3.00000000e-05  1.40971707e+00 -3.00000000e-05  8.13745384e-01 
-2.90000000e-05  9.00451553e-01 -2.90000000e-05  1.40969929e+00 -2.90000000e-05  8.07321065e-01 
-2.80000000e-05  9.00450903e-01 -2.80000000e-05  1.40968125e+00 -2.80000000e-05  8.00786581e-01 
-2.70000000e-05  9.00450240e-01 -2.70000000e-05  1.40966292e+00 -2.70000000e-05  7.94135777e-01 
-2.60000000e-05  9.00449562e-01 -2.60000000e-05  1.40964429e+00 -2.60000000e-05  7.87361911e-01 
-2.50000000e-05  9.00448870e-01 -2.50000000e-05  1.40962534e+00 -2.50000000e-05  7.80457543e-01 
-2.40000000e-05  9.00448161e-01 -2.40000000e-05  1.40960604e+00 -2.40000000e-05  7.73414456e-01 
-2.30000000e-05  9.00447436e-01 -2.30000000e-05  1.40958638e+00 -2.30000000e-05  7.66223505e-01 
-2.20000000e-05  9.00446692e-01 -2.20000000e-05  1.40956632e+00 -2.20000000e-05  7.58874490e-01 
-2.10000000e-05  9.00445929e-01 -2.10000000e-05  1.40954584e+00 -2.10000000e-05  7.51355972e-01 
-2.00000000e-05  9.00445145e-01 -2.00000000e-05  1.40952489e+00 -2.00000000e-05  7.43655033e-01 
-1.90000000e-05  9.00444338e-01 -1.90000000e-05  1.40950345e+00 -1.90000000e-05  7.35757012e-01 
-1.80000000e-05  9.00443506e-01 -1.80000000e-05  1.40948146e+00 -1.80000000e-05  7.27645149e-01 
-1.70000000e-05  9.00442647e-01 -1.70000000e-05  1.40945887e+00 -1.70000000e-05  7.19300148e-01 
-1.60000000e-05  9.00441759e-01 -1.60000000e-05  1.40943561e+00 -1.60000000e-05  7.10699593e-01 
-1.50000000e-05  9.00440838e-01 -1.50000000e-05  1.40941162e+00 -1.50000000e-05  7.01817210e-01 
-1.40000000e-05  9.00439880e-01 -1.40000000e-05  1.40938678e+00 -1.40000000e-05  6.92621868e-01 
-1.30000000e-05  9.00438883e-01 -1.30000000e-05  1.40936099e+00 -1.30000000e-05  6.83076248e-01 
-1.20000000e-05  9.00437839e-01 -1.20000000e-05  1.40933409e+00 -1.20000000e-05  6.73134988e-01 
-1.10000000e-05  9.00436742e-01 -1.10000000e-05  1.40930587e+00 -1.10000000e-05  6.62742074e-01 
-1.00000000e-05  9.00435585e-01 -1.00000000e-05  1.40927605e+00 -1.00000000e-05  6.51827047e-01 
-9.00000000e-06  9.00434356e-01 -9.00000000e-06  1.40924421e+00 -9.00000000e-06  6.40299315e-01 
-8.00000000e-06  9.00433041e-01 -8.00000000e-06  1.40920970e+00 -8.00000000e-06  6.28039297e-01 
-7.00000000e-06  9.00431621e-01 -7.00000000e-06  1.40917143e+00 -7.00000000e-06  6.14883986e-01 
-6.00000000e-06  9.00430068e-01 -6.00000000e-06  1.40912742e+00 -6.00000000e-06  6.00602009e-01 
-5.00000000e-06  9.00428339e-01 -5.00000000e-06  1.40907363e+00 -5.00000000e-06  5.84847327e-01 
-4.00000000e-06  9.00426364e-01 -4.00000000e-06  1.40900070e+00 -4.00000000e-06  5.67064904e-01 
-3.00000000e-06  9.00424012e-01 -3.00000000e-06  1.40888251e+00 -3.00000000e-06  5.46271945e-01 
-2.00000000e-06  9.00420993e-01 -2.00000000e-06  1.40862403e+00 -2.00000000e-06  5.20446902e-01 
-1.00000000e-06  9.00416198e-01 -1.00000000e-06  1.40756046e+00 -1.00000000e-06  4.83452165e-01 
-1.72371205e-19  9.00392993e-01 -1.72371205e-19  1.38067642e+00 -1.72371205e-19  4.09931632e-01 
 1.00000000e-06  9.00343051e-01  1.00000000e-06  1.28065645e+00  1.00000000e-06  3.95237398e-01 
 2.00000000e-06  9.00321219e-01  2.00000000e-06  1.23144034e+00  2.00000000e-06  3.94466318e-01 
 3.00000000e-06  9.00306230e-01  3.00000000e-06  1.19651440e+00  3.00000000e-06  3.94308747e-01 
 4.00000000e-06  9.00294912e-01  4.00000000e-06  1.16961766e+00  4.00000000e-06  3.94115090e-01 
 5.00000000e-06  9.00285301e-01  5.00000000e-06  1.14651082e+00  5.00000000e-06  3.93948567e-01 
 6.00000000e-06  9.00276884e-01  6.00000000e-06  1.12608988e+00  6.00000000e-06  3.93802200e-01 
 7.00000000e-06  9.00269375e-01  7.00000000e-06  1.10772753e+00  7.00000000e-06  3.93670660e-01 
 8.00000000e-06  9.00262561e-01  8.00000000e-06  1.09095639e+00  8.00000000e-06  3.93550303e-01 
 9.00000000e-06  9.00256300e-01  9.00000000e-06  1.07545699e+00  9.00000000e-06  3.93438775e-01 
 1.00000000e-05  9.00250489e-01  1.00000000e-05  1.06100269e+00  1.00000000e-05  3.93334455e-01 
 1.10000000e-05  9.00245055e-01  1.10000000e-05  1.04742581e+00  1.10000000e-05  3.93236166e-01 
 1.20000000e-05  9.00239942e-01  1.20000000e-05  1.03459840e+00  1.20000000e-05  3.93143019e-01 
 1.30000000e-05  9.00235105e-01  1.30000000e-05  1.02242031e+00  1.30000000e-05  3.93054323e-01 
 1.40000000e-05  9.00230509e-01  1.40000000e-05  1.01081154e+00  1.40000000e-05  3.92969526e-01 
 1.50000000e-05  9.00226126e-01  1.50000000e-05  9.99706970e-01  1.50000000e-05  3.92888183e-01 
 1.60000000e-05  9.00221933e-01  1.60000000e-05  9.89052820e-01  1.60000000e-05  3.92809923e-01 
 1.70000000e-05  9.00217910e-01  1.70000000e-05  9.78804064e-01  1.70000000e-05  3.92734439e-01 
 1.80000000e-05  9.00214041e-01  1.80000000e-05  9.68922580e-01  1.80000000e-05  3.92661469e-01 
 1.90000000e-05  9.00210312e-01  1.90000000e-05  9.59375757e-01  1.90000000e-05  3.92590791e-01 
 2.00000000e-05  9.00206710e-01  2.00000000e-05  9.50135439e-01  2.00000000e-05  3.92522211e-01 
 2.10000000e-05  9.00203226e-01  2.10000000e-05  9.41177139e-01  2.10000000e-05  3.92455561e-01 
 2.20000000e-05  9.00199850e-01  2.20000000e-05  9.32479394e-01  2.20000000e-05  3.92390694e-01 
 2.30000000e-05  9.00196574e-01  2.30000000e-05  9.24023265e-01  2.30000000e-05  3.92327481e-01 
 2.40000000e-05  9.00193391e-01  2.40000000e-05  9.15791964e-01  2.40000000e-05  3.92265806e-01 
 2.50000000e-05  9.00190294e-01  2.50000000e-05  9.07770495e-01  2.50000000e-05  3.92205567e-01 
 2.60000000e-05  9.00187278e-01  2.60000000e-05  8.99945436e-01  2.60000000e-05  3.92146670e-01 
 2.70000000e-05  9.00184339e-01  2.70000000e-05  8.92304686e-01  2.70000000e-05  3.92089032e-01 
 2.80000000e-05  9.00181470e-01  2.80000000e-05  8.84837312e-01  2.80000000e-05  3.92032579e-01 
 2.90000000e-05  9.00178668e-01  2.90000000e-05  8.77533384e-01  2.90000000e-05  3.91977242e-01 
 3.00000000e-05  9.00175930e-01  3.00000000e-05  8.70383861e-01  3.00000000e-05  3.91922958e-01 
 3.10000000e-05  9.00173251e-01  3.10000000e-05  8.63380483e-01  3.10000000e-05  3.91869670e-01 
 3.20000000e-05  9.00170629e-01  3.20000000e-05  8.56515672e-01  3.20000000e-05  3.91817327e-01 
 3.30000000e-05  9.00168061e-01  3.30000000e-05  8.49782467e-01  3.30000000e-05  3.91765879e-01 
 3.40000000e-05  9.00165544e-01  3.40000000e-05  8.43174449e-01  3.40000000e-05  3.91715281e-01 
 3.50000000e-05  9.00163075e-01  3.50000000e-05  8.36685684e-01  3.50000000e-05  3.91665494e-01 
 3.60000000e-05  9.00160653e-01  3.60000000e-05  8.30310684e-01  3.60000000e-05  3.91616479e-01 
 3.70000000e-05  9.00158274e-01  3.70000000e-05  8.24044340e-01  3.70000000e-05  3.91568199e-01 
 3.80000000e-05  9.00155938e-01  3.80000000e-05  8.17881912e-01  3.80000000e-05  3.91520621e-01 
 3.90000000e-05  9.00153642e-01  3.90000000e-05  8.11818976e-01  3.90000000e-05  3.91473716e-01 
 4.00000000e-05  9.00151385e-01  4.00000000e-05  8.05851404e-01  4.00000000e-05  3.91427453e-01 
 4.10000000e-05  9.00149164e-01  4.10000000e-05  7.99975326e-01  4.10000000e-05  3.91381805e-01 
 4.20000000e-05  9.00146980e-01  4.20000000e-05  7.94187124e-01  4.20000000e-05  3.91336746e-01 
 4.30000000e-05  9.00144829e-01  4.30000000e-05  7.88483399e-01  4.30000000e-05  3.91292254e-01 
 4.40000000e-05  9.00142711e-01  4.40000000e-05  7.82860956e-01  4.40000000e-05  3.91248303e-01 
 4.50000000e-05  9.00140625e-01  4.50000000e-05  7.77316784e-01  4.50000000e-05  3.91204874e-01 
 4.60000000e-05  9.00138569e-01  4.60000000e-05  7.71848050e-01  4.60000000e-05  3.91161945e-01 
 4.70000000e-05  9.00136542e-01  4.70000000e-05  7.66452077e-01  4.70000000e-05  3.91119498e-01 
 4.80000000e-05  9.00134544e-01  4.80000000e-05  7.61126333e-01  4.80000000e-05  3.91077513e-01 
 4.90000000e-05  9.00132573e-01  4.90000000e-05  7.55868424e-01  4.90000000e-05  3.91035974e-01 
 5.00000000e-05  9.00130628e-01  5.00000000e-05  7.50676083e-01  5.00000000e-05  3.90994863e-01 
 5.10000000e-05  9.00128709e-01  5.10000000e-05  7.45547158e-01  5.10000000e-05  3.90954165e-01 
 5.20000000e-05  9.00126814e-01  5.20000000e-05  7.40479605e-01  5.20000000e-05  3.90913863e-01 
 5.30000000e-05  9.00124943e-01  5.30000000e-05  7.35471484e-01  5.30000000e-05  3.90873944e-01 
 5.40000000e-05  9.00123095e-01  5.40000000e-05  7.30520946e-01  5.40000000e-05  3.90834394e-01 
 5.50000000e-05  9.00121270e-01  5.50000000e-05  7.25626234e-01  5.50000000e-05  3.90795198e-01 
 5.60000000e-05  9.00119466e-01  5.60000000e-05  7.20785672e-01  5.60000000e-05  3.90756344e-01 
 5.70000000e-05  9.00117683e-01  5.70000000e-05  7.15997659e-01  5.70000000e-05  3.90717819e-01 
 5.80000000e-05  9.00115921e-01  5.80000000e-05  7.11260667e-01  5.80000000e-05  3.90679611e-01 
 5.90000000e-05  9.00114178e-01  5.90000000e-05  7.06573240e-01  5.90000000e-05  3.90641708e-01 
 6.00000000e-05  9.00112455e-01  6.00000000e-05  7.01933981e-01  6.00000000e-05  3.90604098e-01 
 6.10000000e-05  9.00110750e-01  6.10000000e-05  6.97341553e-01  6.10000000e-05  3.90566769e-01 
 6.20000000e-05  9.00109064e-01  6.20000000e-05  6.92794678e-01  6.20000000e-05  3.90529712e-01 
 6.30000000e-05  9.00107395e-01  6.30000000e-05  6.88292131e-01  6.30000000e-05  3.90492916e-01 
 6.40000000e-05  9.00105743e-01  6.40000000e-05  6.83832737e-01  6.40000000e-05  3.90456369e-01 
 6.50000000e-05  9.00104108e-01  6.50000000e-05  6.79415365e-01  6.50000000e-05  3.90420061e-01 
 6.60000000e-05  9.00102490e-01  6.60000000e-05  6.75038933e-01  6.60000000e-05  3.90383982e-01 
 6.70000000e-05  9.00100887e-01  6.70000000e-05  6.70702397e-01  6.70000000e-05  3.90348122e-01 
 6.80000000e-05  9.00099300e-01  6.80000000e-05  6.66404761e-01  6.80000000e-05  3.90312471e-01 
 6.90000000e-05  9.00097728e-01  6.90000000e-05  6.62145056e-01  6.90000000e-05  3.90277019e-01 
 7.00000000e-05  9.00096170e-01  7.00000000e-05  6.57922360e-01  7.00000000e-05  3.90241755e-01 
 7.10000000e-05  9.00094627e-01  7.10000000e-05  6.53735774e-01  7.10000000e-05  3.90206670e-01 
 7.20000000e-05  9.00093098e-01  7.20000000e-05  6.49584440e-01  7.20000000e-05  3.90171754e-01 
 7.30000000e-05  9.00091583e-01  7.30000000e-05  6.45467530e-01  7.30000000e-05  3.90136997e-01 
 7.40000000e-05  9.00090080e-01  7.40000000e-05  6.41384238e-01  7.40000000e-05  3.90102388e-01 
 7.50000000e-05  9.00088591e-01  7.50000000e-05  6.37333796e-01  7.50000000e-05  3.90067917e-01 
 7.60000000e-05  9.00087115e-01  7.60000000e-05  6.33315455e-01  7.60000000e-05  3.90033573e-01 
 7.70000000e-05  9.00085651e-01  7.70000000e-05  6.29328494e-01  7.70000000e-05  3.89999345e-01 
 7.80000000e-05  9.00084199e-01  7.80000000e-05  6.25372215e-01  7.80000000e-05  3.89965223e-01 
 7.90000000e-05  9.00082759e-01  7.90000000e-05  6.21445947e-01  7.90000000e-05  3.89931195e-01 
 8.00000000e-05  9.00081331e-01  8.00000000e-05  6.17549034e-01  8.00000000e-05  3.89897250e-01 
 8.10000000e-05  9.00079914e-01  8.10000000e-05  6.13680847e-01  8.10000000e-05  3.89863374e-01 
 8.20000000e-05  9.00078509e-01  8.20000000e-05  6.09840775e-01  8.20000000e-05  3.89829555e-01 
 8.30000000e-05  9.00077114e-01  8.30000000e-05  6.06028224e-01  8.30000000e-05  3.89795780e-01 
 8.40000000e-05  9.00075729e-01  8.40000000e-05  6.02242623e-01  8.40000000e-05  3.89762035e-01 
 8.50000000e-05  9.00074356e-01  8.50000000e-05  5.98483414e-01  8.50000000e-05  3.89728304e-01 
 8.60000000e-05  9.00072992e-01  8.60000000e-05  5.94750057e-01  8.60000000e-05  3.89694574e-01 
 8.70000000e-05  9.00071638e-01  8.70000000e-05  5.91042031e-01  8.70000000e-05  3.89660826e-01 
 8.80000000e-05  9.00070295e-01  8.80000000e-05  5.87358825e-01  8.80000000e-05  3.89627044e-01 
 8.90000000e-05  9.00068960e-01  8.90000000e-05  5.83699949e-01  8.90000000e-05  3.89593209e-01 
 9.00000000e-05  9.00067636e-01  9.00000000e-05  5.80064921e-01  9.00000000e-05  3.89559301e-01 
 9.10000000e-05  9.00066320e-01  9.10000000e-05  5.76453277e-01  9.10000000e-05  3.89525299e-01 
 9.20000000e-05  9.00065013e-01  9.20000000e-05  5.72864565e-01  9.20000000e-05  3.89491179e-01 
 9.30000000e-05  9.00063716e-01  9.30000000e-05  5.69298346e-01  9.30000000e-05  3.89456916e-01 
 9.40000000e-05  9.00062427e-01  9.40000000e-05  5.65754190e-01  9.40000000e-05  3.89422483e-01 
 9.50000000e-05  9.00061146e-01  9.50000000e-05  5.62231683e-01  9.50000000e-05  3.89387852e-01 
 9.60000000e-05  9.00059874e-01  9.60000000e-05  5.58730420e-01  9.60000000e-05  3.89352989e-01 
 9.70000000e-05  9.00058610e-01  9.70000000e-05  5.55250007e-01  9.70000000e-05  3.89317860e-01 
 9.80000000e-05  9.00057354e-01  9.80000000e-05  5.51790058e-01  9.80000000e-05  3.89282426e-01 
 9.90000000e-05  9.00056106e-01  9.90000000e-05  5.48350201e-01  9.90000000e-05  3.89246645e-01 
 1.00000000e-04  9.00054865e-01  1.00000000e-04  5.44930073e-01  1.00000000e-04  3.89210470e-01 
