 1.00000000e-03  1.99981680e+01  1.00000000e-03 -6.78122752e-06 
 1.25892541e-03  1.99981680e+01  1.25892541e-03 -8.53705964e-06 
 1.58489319e-03  1.99981680e+01  1.58489319e-03 -1.07475213e-05 
 1.99526231e-03  1.99981680e+01  1.99526231e-03 -1.35303277e-05 
 2.51188643e-03  1.99981680e+01  2.51188643e-03 -1.70336734e-05 
 3.16227766e-03  1.99981680e+01  3.16227766e-03 -2.14441243e-05 
 3.98107171e-03  1.99981680e+01  3.98107171e-03 -2.69965530e-05 
 5.01187234e-03  1.99981680e+01  5.01187234e-03 -3.39866466e-05 
 6.30957344e-03  1.99981680e+01  6.30957344e-03 -4.27866531e-05 
 7.94328235e-03  1.99981680e+01  7.94328235e-03 -5.38652048e-05 
 1.00000000e-02  1.99981680e+01  1.00000000e-02 -6.78122752e-05 
 1.25892541e-02  1.99981680e+01  1.25892541e-02 -8.53705964e-05 
 1.58489319e-02  1.99981680e+01  1.58489319e-02 -1.07475213e-04 
 1.99526231e-02  1.99981680e+01  1.99526231e-02 -1.35303277e-04 
 2.51188643e-02  1.99981680e+01  2.51188643e-02 -1.70336734e-04 
 3.16227766e-02  1.99981680e+01  3.16227766e-02 -2.14441243e-04 
 3.98107171e-02  1.99981680e+01  3.98107171e-02 -2.69965530e-04 
 5.01187234e-02  1.99981680e+01  5.01187234e-02 -3.39866466e-04 
 6.30957344e-02  1.99981680e+01  6.30957344e-02 -4.27866531e-04 
 7.94328235e-02  1.99981680e+01  7.94328235e-02 -5.38652048e-04 
 1.00000000e-01  1.99981680e+01  1.00000000e-01 -6.78122752e-04 
 1.25892541e-01  1.99981680e+01  1.25892541e-01 -8.53705964e-04 
 1.58489319e-01  1.99981680e+01  1.58489319e-01 -1.07475213e-03 
 1.99526231e-01  1.99981680e+01  1.99526231e-01 -1.35303277e-03 
 2.51188643e-01  1.99981681e+01  2.51188643e-01 -1.70336734e-03 
 3.16227766e-01  1.99981681e+01  3.16227766e-01 -2.14441243e-03 
 3.98107171e-01  1.99981681e+01  3.98107171e-01 -2.69965530e-03 
 5.01187234e-01  1.99981682e+01  5.01187234e-01 -3.39866466e-03 
 6.30957344e-01  1.99981683e+01  6.30957344e-01 -4.27866530e-03 
 7.94328235e-01  1.99981685e+01  7.94328235e-01 -5.38652047e-03 
 1.00000000e+00  1.99981687e+01  1.00000000e+00 -6.78122749e-03 
 1.25892541e+00  1.99981692e+01  1.25892541e+00 -8.53705960e-03 
 1.58489319e+00  1.99981699e+01  1.58489319e+00 -1.07475212e-02 
 1.99526231e+00  1.99981709e+01  1.99526231e+00 -1.35303275e-02 
 2.51188643e+00  1.99981727e+01  2.51188643e+00 -1.70336730e-02 
 3.16227766e+00  1.99981754e+01  3.16227766e+00 -2.14441235e-02 
 3.98107171e+00  1.99981797e+01  3.98107171e+00 -2.69965515e-02 
 5.01187234e+00  1.99981866e+01  5.01187234e+00 -3.39866437e-02 
 6.30957344e+00  1.99981974e+01  6.30957344e+00 -4.27866472e-02 
 7.94328235e+00  1.99982146e+01  7.94328235e+00 -5.38651931e-02 
 1.00000000e+01  1.99982419e+01  1.00000000e+01 -6.78122517e-02 
 1.25892541e+01  1.99982850e+01  1.25892541e+01 -8.53705495e-02 
 1.58489319e+01  1.99983535e+01  1.58489319e+01 -1.07475119e-01 
 1.99526231e+01  1.99984620e+01  1.99526231e+01 -1.35303088e-01 
 2.51188643e+01  1.99986339e+01  2.51188643e+01 -1.70336354e-01 
 3.16227766e+01  1.99989065e+01  3.16227766e+01 -2.14440473e-01 
 3.98107171e+01  1.99993384e+01  3.98107171e+01 -2.69963958e-01 
 5.01187234e+01  2.00000228e+01  5.01187234e+01 -3.39863217e-01 
 6.30957344e+01  2.00011076e+01  6.30957344e+01 -4.27859698e-01 
 7.94328235e+01  2.00028268e+01  7.94328235e+01 -5.38637331e-01 
 1.00000000e+02  2.00055512e+01  1.00000000e+02 -6.78090063e-01 
 1.25892541e+02  2.00098686e+01  1.25892541e+02 -8.53630727e-01 
 1.58489319e+02  2.00167109e+01  1.58489319e+02 -1.07457261e+00 
 1.99526231e+02  2.00275563e+01  1.99526231e+02 -1.35259145e+00 
 2.51188643e+02  2.00447556e+01  2.51188643e+02 -1.70226397e+00 
 3.16227766e+02  2.00720611e+01  3.16227766e+02 -2.14165457e+00 
 3.98107171e+02  2.01155060e+01  3.98107171e+02 -2.69288067e+00 
 5.01187234e+02  2.01848936e+01  5.01187234e+02 -3.38251756e+00 
 6.30957344e+02  2.02964038e+01  6.30957344e+02 -4.24154784e+00 
 7.94328235e+02  2.04773619e+01  7.94328235e+02 -5.30417595e+00 
 1.00000000e+03  2.07755704e+01  1.00000000e+03 -6.60395121e+00 
 1.25892541e+03  2.12794249e+01  1.25892541e+03 -8.16356691e+00 
 1.58489319e+03  2.21676846e+01  1.58489319e+03 -9.96819048e+00 
 1.99526231e+03  2.38619800e+01  1.99526231e+03 -1.18798044e+01 
 2.51188643e+03  2.77235292e+01  2.51188643e+03 -1.31381726e+01 
 3.16227766e+03  4.89887828e+01  3.16227766e+03  3.36736562e+01 
 3.98107171e+03  2.38629373e+01  3.98107171e+03  1.54302853e+02 
 5.01187234e+03  1.50792435e+01  5.01187234e+03  1.52864776e+02 
 6.30957344e+03  8.79387421e+00  6.30957344e+03  1.50247549e+02 
 7.94328235e+03  3.52482995e+00  7.94328235e+03  1.47036509e+02 
 1.00000000e+04 -1.13860409e+00  1.00000000e+04  1.42768591e+02 
 1.25892541e+04 -5.39218435e+00  1.25892541e+04  1.36669295e+02 
 1.58489319e+04 -9.39921363e+00  1.58489319e+04  1.28126528e+02 
 1.99526231e+04 -1.33076931e+01  1.99526231e+04  1.17066923e+02 
 2.51188643e+04 -1.72180374e+01  2.51188643e+04  1.04008255e+02 
 3.16227766e+04 -2.11645073e+01  3.16227766e+04  8.98423951e+01 
 3.98107171e+04 -2.51243758e+01  3.98107171e+04  7.55164685e+01 
 5.01187234e+04 -2.90454363e+01  5.01187234e+04  6.17324919e+01 
 6.30957344e+04 -3.28783759e+01  6.30957344e+04  4.87786710e+01 
 7.94328235e+04 -3.65990476e+01  7.94328235e+04  3.65616310e+01 
 1.00000000e+05 -4.02106907e+01  1.00000000e+05  2.47860372e+01 
 1.25892541e+05 -4.37285248e+01  1.25892541e+05  1.31486657e+01 
 1.58489319e+05 -4.71593363e+01  1.58489319e+05  1.45107724e+00 
 1.99526231e+05 -5.04892002e+01  1.99526231e+05 -1.03739457e+01 
 2.51188643e+05 -5.36850349e+01  2.51188643e+05 -2.22770006e+01 
 3.16227766e+05 -5.67072396e+01  3.16227766e+05 -3.41181794e+01 
 3.98107171e+05 -5.95254353e+01  3.98107171e+05 -4.57091864e+01 
 5.01187234e+05 -6.21282858e+01  5.01187234e+05 -5.68775170e+01 
 6.30957344e+05 -6.45224053e+01  6.30957344e+05 -6.75306996e+01 
 7.94328235e+05 -6.67225684e+01  7.94328235e+05 -7.76856058e+01 
 1.00000000e+06 -6.87399704e+01  1.00000000e+06 -8.74488278e+01 
