-3.00000000e-04  9.03487984e-01 -3.00000000e-04  1.71068885e+00 -3.00000000e-04  1.71062138e+00 
-2.90000000e-04  9.01770054e-01 -2.90000000e-04  1.68279989e+00 -2.90000000e-04  1.68270612e+00 
-2.80000000e-04  9.01119471e-01 -2.80000000e-04  1.65497995e+00 -2.80000000e-04  1.65484743e+00 
-2.70000000e-04  9.00864461e-01 -2.70000000e-04  1.62743718e+00 -2.70000000e-04  1.62724220e+00 
-2.60000000e-04  9.00741405e-01 -2.60000000e-04  1.60022080e+00 -2.60000000e-04  1.59991947e+00 
-2.50000000e-04  9.00671863e-01 -2.50000000e-04  1.57333266e+00 -2.50000000e-04  1.57284288e+00 
-2.40000000e-04  9.00626509e-01 -2.40000000e-04  1.54678627e+00 -2.40000000e-04  1.54595017e+00 
-2.30000000e-04  9.00593657e-01 -2.30000000e-04  1.52065944e+00 -2.30000000e-04  1.51916268e+00 
-2.20000000e-04  9.00568017e-01 -2.20000000e-04  1.49519504e+00 -2.20000000e-04  1.49238920e+00 
-2.10000000e-04  9.00547176e-01 -2.10000000e-04  1.47100306e+00 -2.10000000e-04  1.46552951e+00 
-2.00000000e-04  9.00530245e-01 -2.00000000e-04  1.44928833e+00 -2.00000000e-04  1.43847685e+00 
-1.90000000e-04  9.00517302e-01 -1.90000000e-04  1.43205254e+00 -1.90000000e-04  1.41111504e+00 
-1.80000000e-04  9.00508522e-01 -1.80000000e-04  1.42097651e+00 -1.80000000e-04  1.38332043e+00 
-1.70000000e-04  9.00503112e-01 -1.70000000e-04  1.41552904e+00 -1.70000000e-04  1.35498171e+00 
-1.60000000e-04  9.00499463e-01 -1.60000000e-04  1.41321977e+00 -1.60000000e-04  1.32601117e+00 
-1.50000000e-04  9.00496478e-01 -1.50000000e-04  1.41220676e+00 -1.50000000e-04  1.29632291e+00 
-1.40000000e-04  9.00493662e-01 -1.40000000e-04  1.41164056e+00 -1.40000000e-04  1.26582003e+00 
-1.30000000e-04  9.00490874e-01 -1.30000000e-04  1.41130324e+00 -1.30000000e-04  1.23439007e+00 
-1.20000000e-04  9.00488028e-01 -1.20000000e-04  1.41106657e+00 -1.20000000e-04  1.20190322e+00 
-1.10000000e-04  9.00485077e-01 -1.10000000e-04  1.41088123e+00 -1.10000000e-04  1.16820504e+00 
-1.00000000e-04  9.00481987e-01 -1.00000000e-04  1.41072330e+00 -1.00000000e-04  1.13310760e+00 
-9.00000000e-05  9.00478724e-01 -9.00000000e-05  1.41058006e+00 -9.00000000e-05  1.09637663e+00 
-8.00000000e-05  9.00475251e-01 -8.00000000e-05  1.41044399e+00 -8.00000000e-05  1.05771231e+00 
-7.00000000e-05  9.00471520e-01 -7.00000000e-05  1.41031007e+00 -7.00000000e-05  1.01671914e+00 
-6.00000000e-05  9.00467467e-01 -6.00000000e-05  1.41017442e+00 -6.00000000e-05  9.72855759e-01 
-5.00000000e-05  9.00463004e-01 -5.00000000e-05  1.41003345e+00 -5.00000000e-05  9.25344990e-01 
-4.00000000e-05  9.00457991e-01 -4.00000000e-05  1.40988301e+00 -4.00000000e-05  8.72996410e-01 
-3.00000000e-05  9.00452197e-01 -3.00000000e-05  1.40971721e+00 -3.00000000e-05  8.13805418e-01 
-2.00000000e-05  9.00445166e-01 -2.00000000e-05  1.40952537e+00 -2.00000000e-05  7.43841940e-01 
-1.00000000e-05  9.00435585e-01 -1.00000000e-05  1.40927606e+00 -1.00000000e-05  6.51829086e-01 
 8.13151629e-20  9.00393013e-01  8.13151629e-20  1.38071979e+00  8.13151629e-20  4.09914846e-01 
 1.00000000e-05  9.00250490e-01  1.00000000e-05  1.06100511e+00  1.00000000e-05  3.93334472e-01 
 2.00000000e-05  9.00206702e-01  2.00000000e-05  9.50115466e-01  2.00000000e-05  3.92521711e-01 
 3.00000000e-05  9.00175929e-01  3.00000000e-05  8.70381334e-01  3.00000000e-05  3.91922941e-01 
 4.00000000e-05  9.00151266e-01  4.00000000e-05  8.05558899e-01  4.00000000e-05  3.91425491e-01 
 5.00000000e-05  9.00130582e-01  5.00000000e-05  7.50560697e-01  5.00000000e-05  3.90994116e-01 
 6.00000000e-05  9.00112437e-01  6.00000000e-05  7.01889898e-01  6.00000000e-05  3.90603834e-01 
 7.00000000e-05  9.00096161e-01  7.00000000e-05  6.57899962e-01  7.00000000e-05  3.90241645e-01 
 8.00000000e-05  9.00081326e-01  8.00000000e-05  6.17536497e-01  8.00000000e-05  3.89897220e-01 
 9.00000000e-05  9.00067633e-01  9.00000000e-05  5.80057509e-01  9.00000000e-05  3.89559330e-01 
 1.00000000e-04  9.00054864e-01  1.00000000e-04  5.44925484e-01  1.00000000e-04  3.89210564e-01 
 1.10000000e-04  9.00042854e-01  1.10000000e-04  5.11737007e-01  1.10000000e-04  3.88812393e-01 
 1.20000000e-04  9.00031467e-01  1.20000000e-04  4.80180285e-01  1.20000000e-04  3.88248697e-01 
 1.30000000e-04  9.00020547e-01  1.30000000e-04  4.50010669e-01  1.30000000e-04  3.87056235e-01 
 1.40000000e-04  9.00009771e-01  1.40000000e-04  4.21042845e-01  1.40000000e-04  3.83266206e-01 
 1.50000000e-04  8.99998631e-01  1.50000000e-04  3.93123373e-01  1.50000000e-04  3.73423220e-01 
 1.60000000e-04  8.99986915e-01  1.60000000e-04  3.66081643e-01  1.60000000e-04  3.56687608e-01 
 1.70000000e-04  8.99974798e-01  1.70000000e-04  3.39753302e-01  1.70000000e-04  3.35473903e-01 
 1.80000000e-04  8.99962421e-01  1.80000000e-04  3.14018920e-01  1.80000000e-04  3.11981570e-01 
 1.90000000e-04  8.99949803e-01  1.90000000e-04  2.88785264e-01  1.90000000e-04  2.87835994e-01 
 2.00000000e-04  8.99936642e-01  2.00000000e-04  2.63969104e-01  2.00000000e-04  2.63483987e-01 
 2.10000000e-04  8.99922117e-01  2.10000000e-04  2.39489974e-01  2.10000000e-04  2.39220687e-01 
 2.20000000e-04  8.99903672e-01  2.20000000e-04  2.15270307e-01  2.20000000e-04  2.15107884e-01 
 2.30000000e-04  8.99872014e-01  2.30000000e-04  1.91236059e-01  2.30000000e-04  1.91130168e-01 
 2.40000000e-04  8.99793786e-01  2.40000000e-04  1.67318987e-01  2.40000000e-04  1.67244963e-01 
 2.50000000e-04  8.99586661e-01  2.50000000e-04  1.43461453e-01  2.50000000e-04  1.43406526e-01 
 2.60000000e-04  8.99063372e-01  2.60000000e-04  1.19628503e-01  2.60000000e-04  1.19585716e-01 
 2.70000000e-04  8.97615666e-01  2.70000000e-04  9.58668684e-02  2.70000000e-04  9.58321854e-02 
 2.80000000e-04  8.93567958e-01  2.80000000e-04  7.24570300e-02  2.80000000e-04  7.24279626e-02 
 2.90000000e-04  8.83564423e-01  2.90000000e-04  5.00972731e-02  2.90000000e-04  5.00721657e-02 
 3.00000000e-04  8.60186158e-01  3.00000000e-04  3.02437489e-02  3.00000000e-04  3.02213766e-02 
