 0.00000000e+00  9.00000000e-01  0.00000000e+00  9.04210671e-01 
 1.00000000e-07  9.00000628e-01  1.00000000e-07  9.04210671e-01 
 2.00000000e-07  9.00001257e-01  2.00000000e-07  9.04210671e-01 
 4.00000000e-07  9.00002513e-01  4.00000000e-07  9.04210671e-01 
 8.00000000e-07  9.00005027e-01  8.00000000e-07  9.04210672e-01 
 1.60000000e-06  9.00010053e-01  1.60000000e-06  9.04210668e-01 
 3.20000000e-06  9.00020106e-01  3.20000000e-06  9.04210615e-01 
 6.40000000e-06  9.00040212e-01  6.40000000e-06  9.04210303e-01 
 1.28000000e-05  9.00080424e-01  1.28000000e-05  9.04209940e-01 
 2.28000000e-05  9.00143252e-01  2.28000000e-05  9.04218697e-01 
 3.28000000e-05  9.00206074e-01  3.28000000e-05  9.04254264e-01 
 4.28000000e-05  9.00268888e-01  4.28000000e-05  9.04336049e-01 
 5.28000000e-05  9.00331691e-01  5.28000000e-05  9.04482396e-01 
 6.28000000e-05  9.00394482e-01  6.28000000e-05  9.04709792e-01 
 7.28000000e-05  9.00457256e-01  7.28000000e-05  9.05032238e-01 
 8.28000000e-05  9.00520013e-01  8.28000000e-05  9.05460579e-01 
 9.28000000e-05  9.00582749e-01  9.28000000e-05  9.06001918e-01 
 1.02800000e-04  9.00645462e-01  1.02800000e-04  9.06659217e-01 
 1.12800000e-04  9.00708150e-01  1.12800000e-04  9.07431076e-01 
 1.22800000e-04  9.00770810e-01  1.22800000e-04  9.08311719e-01 
 1.32800000e-04  9.00833439e-01  1.32800000e-04  9.09291157e-01 
 1.42800000e-04  9.00896035e-01  1.42800000e-04  9.10355542e-01 
 1.52800000e-04  9.00958597e-01  1.52800000e-04  9.11487672e-01 
 1.62800000e-04  9.01021120e-01  1.62800000e-04  9.12667635e-01 
 1.72800000e-04  9.01083603e-01  1.72800000e-04  9.13873566e-01 
 1.82800000e-04  9.01146043e-01  1.82800000e-04  9.15082484e-01 
 1.92800000e-04  9.01208437e-01  1.92800000e-04  9.16271179e-01 
 2.02800000e-04  9.01270785e-01  2.02800000e-04  9.17417114e-01 
 2.12800000e-04  9.01333082e-01  2.12800000e-04  9.18499308e-01 
 2.22800000e-04  9.01395326e-01  2.22800000e-04  9.19499167e-01 
 2.32800000e-04  9.01457515e-01  2.32800000e-04  9.20401227e-01 
 2.42800000e-04  9.01519647e-01  2.42800000e-04  9.21193789e-01 
 2.52800000e-04  9.01581719e-01  2.52800000e-04  9.21869405e-01 
 2.62800000e-04  9.01643728e-01  2.62800000e-04  9.22425204e-01 
 2.72800000e-04  9.01705672e-01  2.72800000e-04  9.22863047e-01 
 2.82800000e-04  9.01767549e-01  2.82800000e-04  9.23189484e-01 
 2.92800000e-04  9.01829356e-01  2.92800000e-04  9.23415529e-01 
 3.02800000e-04  9.01891092e-01  3.02800000e-04  9.23556253e-01 
 3.12800000e-04  9.01952752e-01  3.12800000e-04  9.23630209e-01 
 3.22800000e-04  9.02014335e-01  3.22800000e-04  9.23658706e-01 
 3.32800000e-04  9.02075839e-01  3.32800000e-04  9.23664973e-01 
 3.42800000e-04  9.02137261e-01  3.42800000e-04  9.23673228e-01 
 3.52800000e-04  9.02198598e-01  3.52800000e-04  9.23707713e-01 
 3.62800000e-04  9.02259849e-01  3.62800000e-04  9.23791716e-01 
 3.72800000e-04  9.02321010e-01  3.72800000e-04  9.23946627e-01 
 3.82800000e-04  9.02382080e-01  3.82800000e-04  9.24191074e-01 
 3.92800000e-04  9.02443056e-01  3.92800000e-04  9.24540164e-01 
 4.02800000e-04  9.02503935e-01  4.02800000e-04  9.25004868e-01 
 4.12800000e-04  9.02564716e-01  4.12800000e-04  9.25591570e-01 
 4.22800000e-04  9.02625395e-01  4.22800000e-04  9.26301801e-01 
 4.32800000e-04  9.02685970e-01  4.32800000e-04  9.27132164e-01 
 4.42800000e-04  9.02746440e-01  4.42800000e-04  9.28074452e-01 
 4.52800000e-04  9.02806801e-01  4.52800000e-04  9.29115959e-01 
 4.62800000e-04  9.02867051e-01  4.62800000e-04  9.30239959e-01 
 4.72800000e-04  9.02927189e-01  4.72800000e-04  9.31426350e-01 
 4.82800000e-04  9.02987210e-01  4.82800000e-04  9.32652419e-01 
 4.92800000e-04  9.03047114e-01  4.92800000e-04  9.33893724e-01 
 5.02800000e-04  9.03106897e-01  5.02800000e-04  9.35125033e-01 
 5.12800000e-04  9.03166558e-01  5.12800000e-04  9.36321306e-01 
 5.22800000e-04  9.03226093e-01  5.22800000e-04  9.37458678e-01 
 5.32800000e-04  9.03285502e-01  5.32800000e-04  9.38515397e-01 
 5.42800000e-04  9.03344780e-01  5.42800000e-04  9.39472697e-01 
 5.52800000e-04  9.03403927e-01  5.52800000e-04  9.40315555e-01 
 5.62800000e-04  9.03462939e-01  5.62800000e-04  9.41033322e-01 
 5.72800000e-04  9.03521814e-01  5.72800000e-04  9.41620175e-01 
 5.82800000e-04  9.03580551e-01  5.82800000e-04  9.42075394e-01 
 5.92800000e-04  9.03639146e-01  5.92800000e-04  9.42403433e-01 
 6.02800000e-04  9.03697597e-01  6.02800000e-04  9.42613793e-01 
 6.12800000e-04  9.03755903e-01  6.12800000e-04  9.42720677e-01 
 6.22800000e-04  9.03814060e-01  6.22800000e-04  9.42742468e-01 
 6.32800000e-04  9.03872066e-01  6.32800000e-04  9.42701016e-01 
 6.42800000e-04  9.03929920e-01  6.42800000e-04  9.42620789e-01 
 6.52800000e-04  9.03987619e-01  6.52800000e-04  9.42527904e-01 
 6.62800000e-04  9.04045160e-01  6.62800000e-04  9.42449086e-01 
 6.72800000e-04  9.04102541e-01  6.72800000e-04  9.42410595e-01 
 6.82800000e-04  9.04159761e-01  6.82800000e-04  9.42437167e-01 
 6.92800000e-04  9.04216816e-01  6.92800000e-04  9.42551016e-01 
 7.02800000e-04  9.04273705e-01  7.02800000e-04  9.42770928e-01 
 7.12800000e-04  9.04330425e-01  7.12800000e-04  9.43111498e-01 
 7.22800000e-04  9.04386974e-01  7.22800000e-04  9.43582537e-01 
 7.32800000e-04  9.04443350e-01  7.32800000e-04  9.44188661e-01 
 7.42800000e-04  9.04499550e-01  7.42800000e-04  9.44929093e-01 
 7.52800000e-04  9.04555573e-01  7.52800000e-04  9.45797679e-01 
 7.62800000e-04  9.04611416e-01  7.62800000e-04  9.46783104e-01 
 7.72800000e-04  9.04667077e-01  7.72800000e-04  9.47869323e-01 
 7.82800000e-04  9.04722554e-01  7.82800000e-04  9.49036162e-01 
 7.92800000e-04  9.04777844e-01  7.92800000e-04  9.50260090e-01 
 8.02800000e-04  9.04832946e-01  8.02800000e-04  9.51515116e-01 
 8.12800000e-04  9.04887857e-01  8.12800000e-04  9.52773788e-01 
 8.22800000e-04  9.04942575e-01  8.22800000e-04  9.54008249e-01 
 8.32800000e-04  9.04997098e-01  8.32800000e-04  9.55191324e-01 
 8.42800000e-04  9.05051423e-01  8.42800000e-04  9.56297583e-01 
 8.52800000e-04  9.05105549e-01  8.52800000e-04  9.57304352e-01 
 8.62800000e-04  9.05159474e-01  8.62800000e-04  9.58192626e-01 
 8.72800000e-04  9.05213195e-01  8.72800000e-04  9.58947847e-01 
 8.82800000e-04  9.05266710e-01  8.82800000e-04  9.59560527e-01 
 8.92800000e-04  9.05320017e-01  8.92800000e-04  9.60026666e-01 
 9.02800000e-04  9.05373114e-01  9.02800000e-04  9.60347973e-01 
 9.12800000e-04  9.05425999e-01  9.12800000e-04  9.60531844e-01 
 9.22800000e-04  9.05478670e-01  9.22800000e-04  9.60591129e-01 
 9.32800000e-04  9.05531124e-01  9.32800000e-04  9.60543667e-01 
 9.42800000e-04  9.05583360e-01  9.42800000e-04  9.60411610e-01 
 9.52800000e-04  9.05635376e-01  9.52800000e-04  9.60220571e-01 
 9.62800000e-04  9.05687169e-01  9.62800000e-04  9.59998623e-01 
 9.72800000e-04  9.05738738e-01  9.72800000e-04  9.59775179e-01 
 9.82800000e-04  9.05790080e-01  9.82800000e-04  9.59579821e-01 
 9.92800000e-04  9.05841193e-01  9.92800000e-04  9.59441110e-01 
 1.00280000e-03  9.05892076e-01  1.00280000e-03  9.59385431e-01 
 1.01280000e-03  9.05942727e-01  1.01280000e-03  9.59435923e-01 
 1.02280000e-03  9.05993142e-01  1.02280000e-03  9.59611540e-01 
 1.03280000e-03  9.06043322e-01  1.03280000e-03  9.59926279e-01 
 1.04280000e-03  9.06093262e-01  1.04280000e-03  9.60388602e-01 
 1.05280000e-03  9.06142962e-01  1.05280000e-03  9.61001085e-01 
 1.06280000e-03  9.06192420e-01  1.06280000e-03  9.61760290e-01 
 1.07280000e-03  9.06241633e-01  1.07280000e-03  9.62656882e-01 
 1.08280000e-03  9.06290599e-01  1.08280000e-03  9.63675969e-01 
 1.09280000e-03  9.06339318e-01  1.09280000e-03  9.64797657e-01 
 1.10280000e-03  9.06387786e-01  1.10280000e-03  9.65997805e-01 
 1.11280000e-03  9.06436001e-01  1.11280000e-03  9.67248932e-01 
 1.12280000e-03  9.06483963e-01  1.12280000e-03  9.68521274e-01 
 1.13280000e-03  9.06531669e-01  1.13280000e-03  9.69783913e-01 
 1.14280000e-03  9.06579117e-01  1.14280000e-03  9.71005980e-01 
 1.15280000e-03  9.06626305e-01  1.15280000e-03  9.72157851e-01 
 1.16280000e-03  9.06673232e-01  1.16280000e-03  9.73212315e-01 
 1.17280000e-03  9.06719895e-01  1.17280000e-03  9.74145663e-01 
 1.18280000e-03  9.06766293e-01  1.18280000e-03  9.74938648e-01 
 1.19280000e-03  9.06812423e-01  1.19280000e-03  9.75577298e-01 
 1.20280000e-03  9.06858285e-01  1.20280000e-03  9.76053516e-01 
 1.21280000e-03  9.06903876e-01  1.21280000e-03  9.76365469e-01 
 1.22280000e-03  9.06949195e-01  1.22280000e-03  9.76517730e-01 
 1.23280000e-03  9.06994239e-01  1.23280000e-03  9.76521160e-01 
 1.24280000e-03  9.07039007e-01  1.24280000e-03  9.76392541e-01 
 1.25280000e-03  9.07083497e-01  1.25280000e-03  9.76153962e-01 
 1.26280000e-03  9.07127707e-01  1.26280000e-03  9.75831979e-01 
 1.27280000e-03  9.07171637e-01  1.27280000e-03  9.75456586e-01 
 1.28280000e-03  9.07215282e-01  1.28280000e-03  9.75060032e-01 
 1.29280000e-03  9.07258644e-01  1.29280000e-03  9.74675538e-01 
 1.30280000e-03  9.07301718e-01  1.30280000e-03  9.74335965e-01 
 1.31280000e-03  9.07344504e-01  1.31280000e-03  9.74072488e-01 
 1.32280000e-03  9.07387001e-01  1.32280000e-03  9.73913331e-01 
 1.33280000e-03  9.07429206e-01  1.33280000e-03  9.73882628e-01 
 1.34280000e-03  9.07471117e-01  1.34280000e-03  9.73999431e-01 
 1.35280000e-03  9.07512733e-01  1.35280000e-03  9.74276941e-01 
 1.36280000e-03  9.07554053e-01  1.36280000e-03  9.74721952e-01 
 1.37280000e-03  9.07595075e-01  1.37280000e-03  9.75334567e-01 
 1.38280000e-03  9.07635797e-01  1.38280000e-03  9.76108164e-01 
 1.39280000e-03  9.07676217e-01  1.39280000e-03  9.77029630e-01 
 1.40280000e-03  9.07716335e-01  1.40280000e-03  9.78079839e-01 
 1.41280000e-03  9.07756147e-01  1.41280000e-03  9.79234373e-01 
 1.42280000e-03  9.07795654e-01  1.42280000e-03  9.80464434e-01 
 1.43280000e-03  9.07834853e-01  1.43280000e-03  9.81737938e-01 
 1.44280000e-03  9.07873742e-01  1.44280000e-03  9.83020728e-01 
 1.45280000e-03  9.07912321e-01  1.45280000e-03  9.84277887e-01 
 1.46280000e-03  9.07950587e-01  1.46280000e-03  9.85475086e-01 
 1.47280000e-03  9.07988539e-01  1.47280000e-03  9.86579923e-01 
 1.48280000e-03  9.08026176e-01  1.48280000e-03  9.87563209e-01 
 1.49280000e-03  9.08063496e-01  1.49280000e-03  9.88400143e-01 
 1.50280000e-03  9.08100498e-01  1.50280000e-03  9.89071335e-01 
 1.51280000e-03  9.08137180e-01  1.51280000e-03  9.89563637e-01 
 1.52280000e-03  9.08173541e-01  1.52280000e-03  9.89870733e-01 
 1.53280000e-03  9.08209579e-01  1.53280000e-03  9.89993473e-01 
 1.54280000e-03  9.08245293e-01  1.54280000e-03  9.89939924e-01 
 1.55280000e-03  9.08280682e-01  1.55280000e-03  9.89725129e-01 
 1.56280000e-03  9.08315743e-01  1.56280000e-03  9.89370580e-01 
 1.57280000e-03  9.08350476e-01  1.57280000e-03  9.88903424e-01 
 1.58280000e-03  9.08384880e-01  1.58280000e-03  9.88355418e-01 
 1.59280000e-03  9.08418953e-01  1.59280000e-03  9.87761693e-01 
 1.60280000e-03  9.08452693e-01  1.60280000e-03  9.87159360e-01 
 1.61280000e-03  9.08486099e-01  1.61280000e-03  9.86586026e-01 
 1.62280000e-03  9.08519171e-01  1.62280000e-03  9.86078281e-01 
 1.63280000e-03  9.08551906e-01  1.63280000e-03  9.85670214e-01 
 1.64280000e-03  9.08584304e-01  1.64280000e-03  9.85392029e-01 
 1.65280000e-03  9.08616362e-01  1.65280000e-03  9.85268820e-01 
 1.66280000e-03  9.08648081e-01  1.66280000e-03  9.85319545e-01 
 1.67280000e-03  9.08679458e-01  1.67280000e-03  9.85556247e-01 
 1.68280000e-03  9.08710493e-01  1.68280000e-03  9.85983556e-01 
 1.69280000e-03  9.08741183e-01  1.69280000e-03  9.86598475e-01 
 1.70280000e-03  9.08771529e-01  1.70280000e-03  9.87390468e-01 
 1.71280000e-03  9.08801528e-01  1.71280000e-03  9.88341844e-01 
 1.72280000e-03  9.08831180e-01  1.72280000e-03  9.89428402e-01 
 1.73280000e-03  9.08860483e-01  1.73280000e-03  9.90620341e-01 
 1.74280000e-03  9.08889436e-01  1.74280000e-03  9.91883375e-01 
 1.75280000e-03  9.08918038e-01  1.75280000e-03  9.93180027e-01 
 1.76280000e-03  9.08946289e-01  1.76280000e-03  9.94471051e-01 
 1.77280000e-03  9.08974186e-01  1.77280000e-03  9.95716939e-01 
 1.78280000e-03  9.09001729e-01  1.78280000e-03  9.96879447e-01 
 1.79280000e-03  9.09028916e-01  1.79280000e-03  9.97923099e-01 
 1.80280000e-03  9.09055747e-01  1.80280000e-03  9.98816599e-01 
 1.81280000e-03  9.09082221e-01  1.81280000e-03  9.99534113e-01 
 1.82280000e-03  9.09108336e-01  1.82280000e-03  1.00005635e+00 
 1.83280000e-03  9.09134091e-01  1.83280000e-03  1.00037140e+00 
 1.84280000e-03  9.09159486e-01  1.84280000e-03  1.00047531e+00 
 1.85280000e-03  9.09184519e-01  1.85280000e-03  1.00037236e+00 
 1.86280000e-03  9.09209190e-01  1.86280000e-03  1.00007496e+00 
 1.87280000e-03  9.09233497e-01  1.87280000e-03  9.99603259e-01 
 1.88280000e-03  9.09257439e-01  1.88280000e-03  9.98984458e-01 
 1.89280000e-03  9.09281016e-01  1.89280000e-03  9.98251744e-01 
 1.90280000e-03  9.09304227e-01  1.90280000e-03  9.97443027e-01 
 1.91280000e-03  9.09327070e-01  1.91280000e-03  9.96599448e-01 
 1.92280000e-03  9.09349545e-01  1.92280000e-03  9.95763734e-01 
 1.93280000e-03  9.09371651e-01  1.93280000e-03  9.94978481e-01 
 1.94280000e-03  9.09393387e-01  1.94280000e-03  9.94284431e-01 
 1.95280000e-03  9.09414753e-01  1.95280000e-03  9.93718815e-01 
 1.96280000e-03  9.09435746e-01  1.96280000e-03  9.93313839e-01 
 1.97280000e-03  9.09456367e-01  1.97280000e-03  9.93095372e-01 
 1.98280000e-03  9.09476615e-01  1.98280000e-03  9.93081888e-01 
 1.99280000e-03  9.09496488e-01  1.99280000e-03  9.93283712e-01 
 2.00280000e-03  9.09515987e-01  2.00280000e-03  9.93702579e-01 
 2.01280000e-03  9.09535110e-01  2.01280000e-03  9.94331538e-01 
 2.02280000e-03  9.09553856e-01  2.02280000e-03  9.95155190e-01 
 2.03280000e-03  9.09572226e-01  2.03280000e-03  9.96150251e-01 
 2.04280000e-03  9.09590217e-01  2.04280000e-03  9.97286414e-01 
 2.05280000e-03  9.09607830e-01  2.05280000e-03  9.98527479e-01 
 2.06280000e-03  9.09625064e-01  2.06280000e-03  9.99832709e-01 
 2.07280000e-03  9.09641917e-01  2.07280000e-03  1.00115837e+00 
 2.08280000e-03  9.09658390e-01  2.08280000e-03  1.00245937e+00 
 2.09280000e-03  9.09674482e-01  2.09280000e-03  1.00369103e+00 
 2.10280000e-03  9.09690192e-01  2.10280000e-03  1.00481079e+00 
 2.11280000e-03  9.09705519e-01  2.11280000e-03  1.00577988e+00 
 2.12280000e-03  9.09720463e-01  2.12280000e-03  1.00656492e+00 
 2.13280000e-03  9.09735023e-01  2.13280000e-03  1.00713926e+00 
 2.14280000e-03  9.09749199e-01  2.14280000e-03  1.00748416e+00 
 2.15280000e-03  9.09762990e-01  2.15280000e-03  1.00758959e+00 
 2.16280000e-03  9.09776396e-01  2.16280000e-03  1.00745481e+00 
 2.17280000e-03  9.09789416e-01  2.17280000e-03  1.00708848e+00 
 2.18280000e-03  9.09802049e-01  2.18280000e-03  1.00650846e+00 
 2.19280000e-03  9.09814295e-01  2.19280000e-03  1.00574119e+00 
 2.20280000e-03  9.09826154e-01  2.20280000e-03  1.00482073e+00 
 2.21280000e-03  9.09837625e-01  2.21280000e-03  1.00378747e+00 
 2.22280000e-03  9.09848707e-01  2.22280000e-03  1.00268655e+00 
 2.23280000e-03  9.09859401e-01  2.23280000e-03  1.00156605e+00 
 2.24280000e-03  9.09869705e-01  2.24280000e-03  1.00047509e+00 
 2.25280000e-03  9.09879620e-01  2.25280000e-03  9.99461798e-01 
 2.26280000e-03  9.09889145e-01  2.26280000e-03  9.98571407e-01 
 2.27280000e-03  9.09898279e-01  2.27280000e-03  9.97844367e-01 
 2.28280000e-03  9.09907023e-01  2.28280000e-03  9.97314714e-01 
 2.29280000e-03  9.09915376e-01  2.29280000e-03  9.97008683e-01 
 2.30280000e-03  9.09923337e-01  2.30280000e-03  9.96943635e-01 
 2.31280000e-03  9.09930906e-01  2.31280000e-03  9.97127345e-01 
 2.32280000e-03  9.09938083e-01  2.32280000e-03  9.97557670e-01 
 2.33280000e-03  9.09944868e-01  2.33280000e-03  9.98222596e-01 
 2.34280000e-03  9.09951260e-01  2.34280000e-03  9.99100677e-01 
 2.35280000e-03  9.09957260e-01  2.35280000e-03  1.00016183e+00 
 2.36280000e-03  9.09962866e-01  2.36280000e-03  1.00136842e+00 
 2.37280000e-03  9.09968079e-01  2.37280000e-03  1.00267673e+00 
 2.38280000e-03  9.09972899e-01  2.38280000e-03  1.00403853e+00 
 2.39280000e-03  9.09977325e-01  2.39280000e-03  1.00540291e+00 
 2.40280000e-03  9.09981357e-01  2.40280000e-03  1.00671825e+00 
 2.41280000e-03  9.09984994e-01  2.41280000e-03  1.00793416e+00 
 2.42280000e-03  9.09988238e-01  2.42280000e-03  1.00900347e+00 
 2.43280000e-03  9.09991087e-01  2.43280000e-03  1.00988411e+00 
 2.44280000e-03  9.09993542e-01  2.44280000e-03  1.01054080e+00 
 2.45280000e-03  9.09995603e-01  2.45280000e-03  1.01094658e+00 
 2.46280000e-03  9.09997269e-01  2.46280000e-03  1.01108392e+00 
 2.47280000e-03  9.09998540e-01  2.47280000e-03  1.01094565e+00 
 2.48280000e-03  9.09999416e-01  2.48280000e-03  1.01053531e+00 
 2.49280000e-03  9.09999898e-01  2.49280000e-03  1.00986721e+00 
 2.50280000e-03  9.09999985e-01  2.50280000e-03  1.00896600e+00 
 2.51280000e-03  9.09999677e-01  2.51280000e-03  1.00786577e+00 
 2.52280000e-03  9.09998974e-01  2.52280000e-03  1.00660881e+00 
 2.53280000e-03  9.09997876e-01  2.53280000e-03  1.00524399e+00 
 2.54280000e-03  9.09996384e-01  2.54280000e-03  1.00382477e+00 
 2.55280000e-03  9.09994498e-01  2.55280000e-03  1.00240714e+00 
 2.56280000e-03  9.09992216e-01  2.56280000e-03  1.00104727e+00 
 2.57280000e-03  9.09989540e-01  2.57280000e-03  9.99799275e-01 
 2.58280000e-03  9.09986470e-01  2.58280000e-03  9.98713000e-01 
 2.59280000e-03  9.09983006e-01  2.59280000e-03  9.97831961e-01 
 2.60280000e-03  9.09979147e-01  2.60280000e-03  9.97191585e-01 
 2.61280000e-03  9.09974895e-01  2.61280000e-03  9.96817766e-01 
 2.62280000e-03  9.09970248e-01  2.62280000e-03  9.96725813e-01 
 2.63280000e-03  9.09965208e-01  2.63280000e-03  9.96919826e-01 
 2.64280000e-03  9.09959775e-01  2.64280000e-03  9.97392508e-01 
 2.65280000e-03  9.09953949e-01  2.65280000e-03  9.98125422e-01 
 2.66280000e-03  9.09947729e-01  2.66280000e-03  9.99089675e-01 
 2.67280000e-03  9.09941117e-01  2.67280000e-03  1.00024699e+00 
 2.68280000e-03  9.09934112e-01  2.68280000e-03  1.00155111e+00 
 2.69280000e-03  9.09926715e-01  2.69280000e-03  1.00294958e+00 
 2.70280000e-03  9.09918927e-01  2.70280000e-03  1.00438562e+00 
 2.71280000e-03  9.09910746e-01  2.71280000e-03  1.00580034e+00 
 2.72280000e-03  9.09902175e-01  2.72280000e-03  1.00713494e+00 
 2.73280000e-03  9.09893212e-01  2.73280000e-03  1.00833301e+00 
 2.74280000e-03  9.09883859e-01  2.74280000e-03  1.00934269e+00 
 2.75280000e-03  9.09874116e-01  2.75280000e-03  1.01011882e+00 
 2.76280000e-03  9.09863983e-01  2.76280000e-03  1.01062474e+00 
 2.77280000e-03  9.09853460e-01  2.77280000e-03  1.01083393e+00 
 2.78280000e-03  9.09842549e-01  2.78280000e-03  1.01073115e+00 
 2.79280000e-03  9.09831249e-01  2.79280000e-03  1.01031328e+00 
 2.80280000e-03  9.09819561e-01  2.80280000e-03  1.00958957e+00 
 2.81280000e-03  9.09807485e-01  2.81280000e-03  1.00858150e+00 
 2.82280000e-03  9.09795022e-01  2.82280000e-03  1.00732208e+00 
 2.83280000e-03  9.09782172e-01  2.83280000e-03  1.00585460e+00 
 2.84280000e-03  9.09768936e-01  2.84280000e-03  1.00423105e+00 
 2.85280000e-03  9.09755315e-01  2.85280000e-03  1.00251006e+00 
 2.86280000e-03  9.09741308e-01  2.86280000e-03  1.00075454e+00 
 2.87280000e-03  9.09726917e-01  2.87280000e-03  9.99029158e-01 
 2.88280000e-03  9.09712142e-01  2.88280000e-03  9.97397694e-01 
 2.89280000e-03  9.09696983e-01  2.89280000e-03  9.95920418e-01 
 2.90280000e-03  9.09681441e-01  2.90280000e-03  9.94651623e-01 
 2.91280000e-03  9.09665518e-01  2.91280000e-03  9.93637404e-01 
 2.92280000e-03  9.09649212e-01  2.92280000e-03  9.92913779e-01 
 2.93280000e-03  9.09632526e-01  2.93280000e-03  9.92505233e-01 
 2.94280000e-03  9.09615460e-01  2.94280000e-03  9.92423732e-01 
 2.95280000e-03  9.09598014e-01  2.95280000e-03  9.92668244e-01 
 2.96280000e-03  9.09580189e-01  2.96280000e-03  9.93224761e-01 
 2.97280000e-03  9.09561986e-01  2.97280000e-03  9.94066825e-01 
 2.98280000e-03  9.09543405e-01  2.98280000e-03  9.95156514e-01 
 2.99280000e-03  9.09524447e-01  2.99280000e-03  9.96445863e-01 
 3.00280000e-03  9.09505114e-01  3.00280000e-03  9.97878644e-01 
 3.01280000e-03  9.09485405e-01  3.01280000e-03  9.99392462e-01 
 3.02280000e-03  9.09465322e-01  3.02280000e-03  1.00092108e+00 
 3.03280000e-03  9.09444865e-01  3.03280000e-03  1.00239693e+00 
 3.04280000e-03  9.09424036e-01  3.04280000e-03  1.00375367e+00 
 3.05280000e-03  9.09402834e-01  3.05280000e-03  1.00492875e+00 
 3.06280000e-03  9.09381261e-01  3.06280000e-03  1.00586591e+00 
 3.07280000e-03  9.09359317e-01  3.07280000e-03  1.00651746e+00 
 3.08280000e-03  9.09337005e-01  3.08280000e-03  1.00684624e+00 
 3.09280000e-03  9.09314323e-01  3.09280000e-03  1.00682732e+00 
 3.10280000e-03  9.09291274e-01  3.10280000e-03  1.00644914e+00 
 3.11280000e-03  9.09267858e-01  3.11280000e-03  1.00571421e+00 
 3.12280000e-03  9.09244076e-01  3.12280000e-03  1.00463922e+00 
 3.13280000e-03  9.09219930e-01  3.13280000e-03  1.00325458e+00 
 3.14280000e-03  9.09195419e-01  3.14280000e-03  1.00160338e+00 
 3.15280000e-03  9.09170545e-01  3.15280000e-03  9.99739810e-01 
 3.16280000e-03  9.09145309e-01  3.16280000e-03  9.97727008e-01 
 3.17280000e-03  9.09119712e-01  3.17280000e-03  9.95634609e-01 
 3.18280000e-03  9.09093756e-01  3.18280000e-03  9.93535902e-01 
 3.19280000e-03  9.09067440e-01  3.19280000e-03  9.91504838e-01 
 3.20280000e-03  9.09040766e-01  3.20280000e-03  9.89612988e-01 
 3.21280000e-03  9.09013735e-01  3.21280000e-03  9.87926588e-01 
 3.22280000e-03  9.08986348e-01  3.22280000e-03  9.86503820e-01 
 3.23280000e-03  9.08958607e-01  3.23280000e-03  9.85392426e-01 
 3.24280000e-03  9.08930512e-01  3.24280000e-03  9.84627778e-01 
 3.25280000e-03  9.08902064e-01  3.25280000e-03  9.84231465e-01 
 3.26280000e-03  9.08873265e-01  3.26280000e-03  9.84210436e-01 
 3.27280000e-03  9.08844116e-01  3.27280000e-03  9.84556742e-01 
 3.28280000e-03  9.08814618e-01  3.28280000e-03  9.85247841e-01 
 3.29280000e-03  9.08784771e-01  3.29280000e-03  9.86247466e-01 
 3.30280000e-03  9.08754578e-01  3.30280000e-03  9.87506989e-01 
 3.31280000e-03  9.08724039e-01  3.31280000e-03  9.88967242e-01 
 3.32280000e-03  9.08693156e-01  3.32280000e-03  9.90560719e-01 
 3.33280000e-03  9.08661929e-01  3.33280000e-03  9.92214082e-01 
 3.34280000e-03  9.08630361e-01  3.34280000e-03  9.93850902e-01 
 3.35280000e-03  9.08598451e-01  3.35280000e-03  9.95394539e-01 
 3.36280000e-03  9.08566203e-01  3.36280000e-03  9.96771070e-01 
 3.37280000e-03  9.08533616e-01  3.37280000e-03  9.97912166e-01 
 3.38280000e-03  9.08500692e-01  3.38280000e-03  9.98757820e-01 
 3.39280000e-03  9.08467433e-01  3.39280000e-03  9.99258814e-01 
 3.40280000e-03  9.08433839e-01  3.40280000e-03  9.99378831e-01 
 3.41280000e-03  9.08399913e-01  3.41280000e-03  9.99096107e-01 
 3.42280000e-03  9.08365655e-01  3.42280000e-03  9.98404546e-01 
 3.43280000e-03  9.08331066e-01  3.43280000e-03  9.97314226e-01 
 3.44280000e-03  9.08296149e-01  3.44280000e-03  9.95851252e-01 
 3.45280000e-03  9.08260904e-01  3.45280000e-03  9.94056937e-01 
 3.46280000e-03  9.08225333e-01  3.46280000e-03  9.91986325e-01 
 3.47280000e-03  9.08189438e-01  3.47280000e-03  9.89706102e-01 
 3.48280000e-03  9.08153219e-01  3.48280000e-03  9.87291971e-01 
 3.49280000e-03  9.08116678e-01  3.49280000e-03  9.84825599e-01 
 3.50280000e-03  9.08079817e-01  3.50280000e-03  9.82391277e-01 
 3.51280000e-03  9.08042636e-01  3.51280000e-03  9.80072436e-01 
 3.52280000e-03  9.08005139e-01  3.52280000e-03  9.77948185e-01 
 3.53280000e-03  9.07967325e-01  3.53280000e-03  9.76090036e-01 
 3.54280000e-03  9.07929196e-01  3.54280000e-03  9.74558955e-01 
 3.55280000e-03  9.07890755e-01  3.55280000e-03  9.73402881e-01 
 3.56280000e-03  9.07852002e-01  3.56280000e-03  9.72654800e-01 
 3.57280000e-03  9.07812939e-01  3.57280000e-03  9.72331457e-01 
 3.58280000e-03  9.07773568e-01  3.58280000e-03  9.72432726e-01 
 3.59280000e-03  9.07733890e-01  3.59280000e-03  9.72941651e-01 
 3.60280000e-03  9.07693906e-01  3.60280000e-03  9.73825128e-01 
 3.61280000e-03  9.07653619e-01  3.61280000e-03  9.75035186e-01 
 3.62280000e-03  9.07613030e-01  3.62280000e-03  9.76510805e-01 
 3.63280000e-03  9.07572140e-01  3.63280000e-03  9.78180200e-01 
 3.64280000e-03  9.07530951e-01  3.64280000e-03  9.79963486e-01 
 3.65280000e-03  9.07489465e-01  3.65280000e-03  9.81775642e-01 
 3.66280000e-03  9.07447683e-01  3.66280000e-03  9.83529685e-01 
 3.67280000e-03  9.07405607e-01  3.67280000e-03  9.85139953e-01 
 3.68280000e-03  9.07363239e-01  3.68280000e-03  9.86525386e-01 
 3.69280000e-03  9.07320580e-01  3.69280000e-03  9.87612706e-01 
 3.70280000e-03  9.07277632e-01  3.70280000e-03  9.88339373e-01 
 3.71280000e-03  9.07234397e-01  3.71280000e-03  9.88656204e-01 
 3.72280000e-03  9.07190876e-01  3.72280000e-03  9.88529534e-01 
 3.73280000e-03  9.07147071e-01  3.73280000e-03  9.87942831e-01 
 3.74280000e-03  9.07102984e-01  3.74280000e-03  9.86897653e-01 
 3.75280000e-03  9.07058617e-01  3.75280000e-03  9.85413897e-01 
 3.76280000e-03  9.07013971e-01  3.76280000e-03  9.83529290e-01 
 3.77280000e-03  9.06969048e-01  3.77280000e-03  9.81298119e-01 
 3.78280000e-03  9.06923850e-01  3.78280000e-03  9.78789226e-01 
 3.79280000e-03  9.06878379e-01  3.79280000e-03  9.76083334e-01 
 3.80280000e-03  9.06832636e-01  3.80280000e-03  9.73269820e-01 
 3.81280000e-03  9.06786623e-01  3.81280000e-03  9.70443053e-01 
 3.82280000e-03  9.06740343e-01  3.82280000e-03  9.67698488e-01 
 3.83280000e-03  9.06693796e-01  3.83280000e-03  9.65128679e-01 
 3.84280000e-03  9.06646985e-01  3.84280000e-03  9.62819417e-01 
 3.85280000e-03  9.06599912e-01  3.85280000e-03  9.60846157e-01 
 3.86280000e-03  9.06552578e-01  3.86280000e-03  9.59270916e-01 
 3.87280000e-03  9.06504985e-01  3.87280000e-03  9.58139769e-01 
 3.88280000e-03  9.06457136e-01  3.88280000e-03  9.57481033e-01 
 3.89280000e-03  9.06409032e-01  3.89280000e-03  9.57304204e-01 
 3.90280000e-03  9.06360674e-01  3.90280000e-03  9.57599660e-01 
 3.91280000e-03  9.06312066e-01  3.91280000e-03  9.58339103e-01 
 3.92280000e-03  9.06263208e-01  3.92280000e-03  9.59476715e-01 
 3.93280000e-03  9.06214104e-01  3.93280000e-03  9.60950930e-01 
 3.94280000e-03  9.06164753e-01  3.94280000e-03  9.62686776e-01 
 3.95280000e-03  9.06115160e-01  3.95280000e-03  9.64598671e-01 
 3.96280000e-03  9.06065325e-01  3.96280000e-03  9.66593595e-01 
 3.97280000e-03  9.06015251e-01  3.97280000e-03  9.68574533e-01 
 3.98280000e-03  9.05964939e-01  3.98280000e-03  9.70444103e-01 
 3.99280000e-03  9.05914391e-01  3.99280000e-03  9.72108229e-01 
 4.00280000e-03  9.05863610e-01  4.00280000e-03  9.73479769e-01 
 4.01280000e-03  9.05812598e-01  4.01280000e-03  9.74481966e-01 
 4.02280000e-03  9.05761356e-01  4.02280000e-03  9.75051585e-01 
 4.03280000e-03  9.05709887e-01  4.03280000e-03  9.75141623e-01 
 4.04280000e-03  9.05658192e-01  4.04280000e-03  9.74723454e-01 
 4.05280000e-03  9.05606274e-01  4.05280000e-03  9.73788304e-01 
 4.06280000e-03  9.05554135e-01  4.06280000e-03  9.72347963e-01 
 4.07280000e-03  9.05501776e-01  4.07280000e-03  9.70434669e-01 
 4.08280000e-03  9.05449200e-01  4.08280000e-03  9.68100125e-01 
 4.09280000e-03  9.05396409e-01  4.09280000e-03  9.65413673e-01 
 4.10280000e-03  9.05343405e-01  4.10280000e-03  9.62459655e-01 
 4.11280000e-03  9.05290191e-01  4.11280000e-03  9.59334073e-01 
 4.12280000e-03  9.05236767e-01  4.12280000e-03  9.56140677e-01 
 4.13280000e-03  9.05183136e-01  4.13280000e-03  9.52986662e-01 
 4.14280000e-03  9.05129301e-01  4.14280000e-03  9.49978164e-01 
 4.15280000e-03  9.05075263e-01  4.15280000e-03  9.47215795e-01 
 4.16280000e-03  9.05021025e-01  4.16280000e-03  9.44790411e-01 
 4.17280000e-03  9.04966589e-01  4.17280000e-03  9.42779327e-01 
 4.18280000e-03  9.04911957e-01  4.18280000e-03  9.41243157e-01 
 4.19280000e-03  9.04857130e-01  4.19280000e-03  9.40223402e-01 
 4.20280000e-03  9.04802113e-01  4.20280000e-03  9.39740869e-01 
 4.21280000e-03  9.04746905e-01  4.21280000e-03  9.39794970e-01 
 4.22280000e-03  9.04691510e-01  4.22280000e-03  9.40363865e-01 
 4.23280000e-03  9.04635930e-01  4.23280000e-03  9.41405438e-01 
 4.24280000e-03  9.04580167e-01  4.24280000e-03  9.42858996e-01 
 4.25280000e-03  9.04524223e-01  4.25280000e-03  9.44647632e-01 
 4.26280000e-03  9.04468100e-01  4.26280000e-03  9.46681129e-01 
 4.27280000e-03  9.04411801e-01  4.27280000e-03  9.48859321e-01 
 4.28280000e-03  9.04355328e-01  4.28280000e-03  9.51075793e-01 
 4.29280000e-03  9.04298683e-01  4.29280000e-03  9.53221816e-01 
 4.30280000e-03  9.04241868e-01  4.30280000e-03  9.55190410e-01 
 4.31280000e-03  9.04184885e-01  4.31280000e-03  9.56880396e-01 
 4.32280000e-03  9.04127738e-01  4.32280000e-03  9.58200331e-01 
 4.33280000e-03  9.04070428e-01  4.33280000e-03  9.59072171e-01 
 4.34280000e-03  9.04012956e-01  4.34280000e-03  9.59434521e-01 
 4.35280000e-03  9.03955327e-01  4.35280000e-03  9.59245353e-01 
 4.36280000e-03  9.03897541e-01  4.36280000e-03  9.58484023e-01 
 4.37280000e-03  9.03839601e-01  4.37280000e-03  9.57152511e-01 
 4.38280000e-03  9.03781510e-01  4.38280000e-03  9.55275752e-01 
 4.39280000e-03  9.03723270e-01  4.39280000e-03  9.52901035e-01 
 4.40280000e-03  9.03664882e-01  4.40280000e-03  9.50096428e-01 
 4.41280000e-03  9.03606350e-01  4.41280000e-03  9.46948271e-01 
 4.42280000e-03  9.03547676e-01  4.42280000e-03  9.43557808e-01 
 4.43280000e-03  9.03488861e-01  4.43280000e-03  9.40037094e-01 
 4.44280000e-03  9.03429909e-01  4.44280000e-03  9.36504346e-01 
 4.45280000e-03  9.03370821e-01  4.45280000e-03  9.33078970e-01 
 4.46280000e-03  9.03311600e-01  4.46280000e-03  9.29876486e-01 
 4.47280000e-03  9.03252249e-01  4.47280000e-03  9.27003617e-01 
 4.48280000e-03  9.03192769e-01  4.48280000e-03  9.24553790e-01 
 4.49280000e-03  9.03133163e-01  4.49280000e-03  9.22603249e-01 
 4.50280000e-03  9.03073433e-01  4.50280000e-03  9.21207978e-01 
 4.51280000e-03  9.03013582e-01  4.51280000e-03  9.20401535e-01 
 4.52280000e-03  9.02953612e-01  4.52280000e-03  9.20193863e-01 
 4.53280000e-03  9.02893526e-01  4.53280000e-03  9.20571093e-01 
 4.54280000e-03  9.02833325e-01  4.54280000e-03  9.21496272e-01 
 4.55280000e-03  9.02773012e-01  4.55280000e-03  9.22910963e-01 
 4.56280000e-03  9.02712590e-01  4.56280000e-03  9.24737599e-01 
 4.57280000e-03  9.02652061e-01  4.57280000e-03  9.26882477e-01 
 4.58280000e-03  9.02591427e-01  4.58280000e-03  9.29239290e-01 
 4.59280000e-03  9.02530691e-01  4.59280000e-03  9.31693060e-01 
 4.60280000e-03  9.02469855e-01  4.60280000e-03  9.34124373e-01 
 4.61280000e-03  9.02408921e-01  4.61280000e-03  9.36413795e-01 
 4.62280000e-03  9.02347892e-01  4.62280000e-03  9.38446338e-01 
 4.63280000e-03  9.02286771e-01  4.63280000e-03  9.40115852e-01 
 4.64280000e-03  9.02225559e-01  4.64280000e-03  9.41329188e-01 
 4.65280000e-03  9.02164260e-01  4.65280000e-03  9.42009998e-01 
 4.66280000e-03  9.02102875e-01  4.66280000e-03  9.42102005e-01 
 4.67280000e-03  9.02041407e-01  4.67280000e-03  9.41571600e-01 
 4.68280000e-03  9.01979858e-01  4.68280000e-03  9.40409618e-01 
 4.69280000e-03  9.01918231e-01  4.69280000e-03  9.38632185e-01 
 4.70280000e-03  9.01856529e-01  4.70280000e-03  9.36280543e-01 
 4.71280000e-03  9.01794753e-01  4.71280000e-03  9.33419815e-01 
 4.72280000e-03  9.01732907e-01  4.72280000e-03  9.30136699e-01 
 4.73280000e-03  9.01670991e-01  4.73280000e-03  9.26536167e-01 
 4.74280000e-03  9.01609010e-01  4.74280000e-03  9.22737268e-01 
 4.75280000e-03  9.01546966e-01  4.75280000e-03  9.18868211e-01 
 4.76280000e-03  9.01484860e-01  4.76280000e-03  9.15060957e-01 
 4.77280000e-03  9.01422696e-01  4.77280000e-03  9.11445579e-01 
 4.78280000e-03  9.01360476e-01  4.78280000e-03  9.08144678e-01 
 4.79280000e-03  9.01298202e-01  4.79280000e-03  9.05268131e-01 
 4.80280000e-03  9.01235876e-01  4.80280000e-03  9.02908455e-01 
 4.81280000e-03  9.01173502e-01  4.81280000e-03  9.01136994e-01 
 4.82280000e-03  9.01111082e-01  4.82280000e-03  9.00001107e-01 
 4.83280000e-03  9.01048617e-01  4.83280000e-03  8.99522437e-01 
 4.84280000e-03  9.00986112e-01  4.84280000e-03  8.99696295e-01 
 4.85280000e-03  9.00923567e-01  4.85280000e-03  9.00492118e-01 
 4.86280000e-03  9.00860986e-01  4.86280000e-03  9.01854920e-01 
 4.87280000e-03  9.00798371e-01  4.87280000e-03  9.03707620e-01 
 4.88280000e-03  9.00735724e-01  4.88280000e-03  9.05954114e-01 
 4.89280000e-03  9.00673048e-01  4.89280000e-03  9.08482957e-01 
 4.90280000e-03  9.00610346e-01  4.90280000e-03  9.11171526e-01 
 4.91280000e-03  9.00547620e-01  4.91280000e-03  9.13890536e-01 
 4.92280000e-03  9.00484872e-01  4.92280000e-03  9.16508792e-01 
 4.93280000e-03  9.00422105e-01  4.93280000e-03  9.18898036e-01 
 4.94280000e-03  9.00359321e-01  4.94280000e-03  9.20937772e-01 
 4.95280000e-03  9.00296523e-01  4.95280000e-03  9.22519909e-01 
 4.96280000e-03  9.00233713e-01  4.96280000e-03  9.23553073e-01 
 4.97280000e-03  9.00170894e-01  4.97280000e-03  9.23966425e-01 
 4.98280000e-03  9.00108069e-01  4.98280000e-03  9.23712814e-01 
