 1.00000000e-03  8.24453435e+01  1.00000000e-03  1.79796061e+02 
 1.25892541e-03  8.24453113e+01  1.25892541e-03  1.79743257e+02 
 1.58489319e-03  8.24452603e+01  1.58489319e-03  1.79676781e+02 
 1.99526231e-03  8.24451795e+01  1.99526231e-03  1.79593094e+02 
 2.51188643e-03  8.24450514e+01  2.51188643e-03  1.79487741e+02 
 3.16227766e-03  8.24448484e+01  3.16227766e-03  1.79355114e+02 
 3.98107171e-03  8.24445267e+01  3.98107171e-03  1.79188157e+02 
 5.01187234e-03  8.24440168e+01  5.01187234e-03  1.78977990e+02 
 6.30957344e-03  8.24432089e+01  6.30957344e-03  1.78713445e+02 
 7.94328235e-03  8.24419287e+01  7.94328235e-03  1.78380483e+02 
 1.00000000e-02  8.24399005e+01  1.00000000e-02  1.77961466e+02 
 1.25892541e-02  8.24366880e+01  1.25892541e-02  1.77434270e+02 
 1.58489319e-02  8.24316014e+01  1.58489319e-02  1.76771199e+02 
 1.99526231e-02  8.24235518e+01  1.99526231e-02  1.75937692e+02 
 2.51188643e-02  8.24108246e+01  2.51188643e-02  1.74890854e+02 
 3.16227766e-02  8.23907293e+01  3.16227766e-02  1.73577892e+02 
 3.98107171e-02  8.23590698e+01  3.98107171e-02  1.71934709e+02 
 5.01187234e-02  8.23093608e+01  5.01187234e-02  1.69885194e+02 
 6.30957344e-02  8.22317247e+01  6.30957344e-02  1.67342265e+02 
 7.94328235e-02  8.21114537e+01  7.94328235e-02  1.64212491e+02 
 1.00000000e-01  8.19274078e+01  1.00000000e-01  1.60407079e+02 
 1.25892541e-01  8.16508074e+01  1.25892541e-01  1.55862356e+02 
 1.58489319e-01  8.12455990e+01  1.58489319e-01  1.50570818e+02 
 1.99526231e-01  8.06720353e+01  1.99526231e-01  1.44616770e+02 
 2.51188643e-01  7.98944305e+01  2.51188643e-01  1.38198945e+02 
 3.16227766e-01  7.88913420e+01  3.16227766e-01  1.31616122e+02 
 3.98107171e-01  7.76630819e+01  3.98107171e-01  1.25206779e+02 
 5.01187234e-01  7.62316010e+01  5.01187234e-01  1.19267584e+02 
 6.30957344e-01  7.46328260e+01  6.30957344e-01  1.13994114e+02 
 7.94328235e-01  7.29064882e+01  7.94328235e-01  1.09467715e+02 
 1.00000000e+00  7.10884739e+01  1.00000000e+00  1.05678786e+02 
 1.25892541e+00  6.92073510e+01  1.25892541e+00  1.02562469e+02 
 1.58489319e+00  6.72840670e+01  1.58489319e+00  1.00029435e+02 
 1.99526231e+00  6.53331780e+01  1.99526231e+00  9.79860717e+01 
 2.51188643e+00  6.33644529e+01  2.51188643e+00  9.63452372e+01 
 3.16227766e+00  6.13843023e+01  3.16227766e+00  9.50307445e+01 
 3.98107171e+00  5.93968727e+01  3.98107171e+00  9.39783098e+01 
 5.01187234e+00  5.74048220e+01  5.01187234e+00  9.31347875e+01 
 6.30957344e+00  5.54098438e+01  6.30957344e+00  9.24567217e+01 
 7.94328235e+00  5.34130132e+01  7.94328235e+00  9.19087409e+01 
 1.00000000e+01  5.14150108e+01  1.00000000e+01  9.14620338e+01 
 1.25892541e+01  4.94162663e+01  1.25892541e+01  9.10929979e+01 
 1.58489319e+01  4.74170501e+01  1.58489319e+01  9.07820742e+01 
 1.99526231e+01  4.54175312e+01  1.99526231e+01  9.05127518e+01 
 2.51188643e+01  4.34178134e+01  2.51188643e+01  9.02707120e+01 
 3.16227766e+01  4.14179576e+01  3.16227766e+01  9.00430775e+01 
 3.98107171e+01  3.94179949e+01  3.98107171e+01  8.98177324e+01 
 5.01187234e+01  3.74179332e+01  5.01187234e+01  8.95826805e+01 
 6.30957344e+01  3.54177593e+01  6.30957344e+01  8.93254085e+01 
 7.94328235e+01  3.34174357e+01  7.94328235e+01  8.90322217e+01 
 1.00000000e+02  3.14168926e+01  1.00000000e+02  8.86875175e+01 
 1.25892541e+02  2.94160127e+01  1.25892541e+02  8.82729601e+01 
 1.58489319e+02  2.74146062e+01  1.58489319e+02  8.77665138e+01 
 1.99526231e+02  2.54123700e+01  1.99526231e+02  8.71412904e+01 
 2.51188643e+02  2.34088220e+01  2.51188643e+02  8.63641573e+01 
 3.16227766e+02  2.14031984e+01  3.16227766e+02  8.53940528e+01 
 3.98107171e+02  1.93942895e+01  3.98107171e+02  8.41799582e+01 
 5.01187234e+02  1.73801820e+01  5.01187234e+02  8.26584951e+01 
 6.30957344e+02  1.53578525e+01  6.30957344e+02  8.07511803e+01 
 7.94328235e+02  1.33225308e+01  7.94328235e+02  7.83615179e+01 
 1.00000000e+03  1.12667129e+01  1.00000000e+03  7.53724523e+01 
 1.25892541e+03  9.17867155e+00  1.25892541e+03  7.16454282e+01 
 1.58489319e+03  7.04032336e+00  1.58489319e+03  6.70236911e+01 
 1.99526231e+03  4.82450390e+00  1.99526231e+03  6.13447418e+01 
 2.51188643e+03  2.49232420e+00  2.51188643e+03  5.44693711e+01 
 3.16227766e+03 -7.41323396e-03  3.16227766e+03  4.63341864e+01 
 3.98107171e+03 -2.73317265e+00  3.98107171e+03  3.70245590e+01 
 5.01187234e+03 -5.73633924e+00  5.01187234e+03  2.68425269e+01 
 6.30957344e+03 -9.03724891e+00  6.30957344e+03  1.63215240e+01 
 7.94328235e+03 -1.25974248e+01  7.94328235e+03  6.13740539e+00 
 1.00000000e+04 -1.63006673e+01  1.00000000e+04 -3.11274582e+00 
 1.25892541e+04 -1.99638329e+01  1.25892541e+04 -1.12353617e+01 
 1.58489319e+04 -2.33996327e+01  1.58489319e+04 -1.86858843e+01 
 1.99526231e+04 -2.65160280e+01  1.99526231e+04 -2.63862011e+01 
 2.51188643e+04 -2.93718466e+01  2.51188643e+04 -3.50378907e+01 
 3.16227766e+04 -3.21316699e+01  3.16227766e+04 -4.44750408e+01 
 3.98107171e+04 -3.49644159e+01  3.98107171e+04 -5.35269706e+01 
 5.01187234e+04 -3.79352683e+01  5.01187234e+04 -6.02544831e+01 
 6.30957344e+04 -4.08722548e+01  6.30957344e+04 -6.25772783e+01 
 7.94328235e+04 -4.33019924e+01  7.94328235e+04 -6.01934654e+01 
 1.00000000e+05 -4.48780316e+01  1.00000000e+05 -5.65473012e+01 
 1.25892541e+05 -4.59012531e+01  1.25892541e+05 -5.54578253e+01 
 1.58489319e+05 -4.68722519e+01  1.58489319e+05 -5.73204855e+01 
 1.99526231e+05 -4.80319904e+01  1.99526231e+05 -6.07937230e+01 
 2.51188643e+05 -4.94171637e+01  2.51188643e+05 -6.46977313e+01 
 3.16227766e+05 -5.09908589e+01  3.16227766e+05 -6.83639119e+01 
 3.98107171e+05 -5.27039975e+01  3.98107171e+05 -7.14826546e+01 
 5.01187234e+05 -5.45142820e+01  5.01187234e+05 -7.39369288e+01 
 6.30957344e+05 -5.63891782e+01  6.30957344e+05 -7.56992867e+01 
 7.94328235e+05 -5.83043697e+01  7.94328235e+05 -7.67769979e+01 
 1.00000000e+06 -6.02414599e+01  1.00000000e+06 -7.71834646e+01 
