 0.00000000e+00  8.50000000e-01  0.00000000e+00  1.40312178e+00 
 1.00000000e-07  8.50000000e-01  1.00000000e-07  1.40312178e+00 
 2.00000000e-07  8.50000000e-01  2.00000000e-07  1.40312177e+00 
 4.00000000e-07  8.50000000e-01  4.00000000e-07  1.40312177e+00 
 8.00000000e-07  8.50000000e-01  8.00000000e-07  1.40312177e+00 
 1.60000000e-06  8.50000000e-01  1.60000000e-06  1.40312181e+00 
 3.20000000e-06  8.50000000e-01  3.20000000e-06  1.40312185e+00 
 6.40000000e-06  8.50000000e-01  6.40000000e-06  1.40312181e+00 
 1.28000000e-05  8.50000000e-01  1.28000000e-05  1.40312181e+00 
 2.28000000e-05  8.50000000e-01  2.28000000e-05  1.40312187e+00 
 3.28000000e-05  8.50000000e-01  3.28000000e-05  1.40312191e+00 
 4.28000000e-05  8.50000000e-01  4.28000000e-05  1.40312186e+00 
 5.28000000e-05  8.50000000e-01  5.28000000e-05  1.40312187e+00 
 6.28000000e-05  8.50000000e-01  6.28000000e-05  1.40312185e+00 
 7.28000000e-05  8.50000000e-01  7.28000000e-05  1.40312186e+00 
 8.28000000e-05  8.50000000e-01  8.28000000e-05  1.40312185e+00 
 9.28000000e-05  8.50000000e-01  9.28000000e-05  1.40312185e+00 
 1.02800000e-04  8.50000000e-01  1.02800000e-04  1.40312185e+00 
 1.12800000e-04  8.50000000e-01  1.12800000e-04  1.40312185e+00 
 1.22800000e-04  8.50000000e-01  1.22800000e-04  1.40312185e+00 
 1.32800000e-04  8.50000000e-01  1.32800000e-04  1.40312185e+00 
 1.42800000e-04  8.50000000e-01  1.42800000e-04  1.40312184e+00 
 1.52800000e-04  8.50000000e-01  1.52800000e-04  1.40312184e+00 
 1.62800000e-04  8.50000000e-01  1.62800000e-04  1.40312184e+00 
 1.72800000e-04  8.50000000e-01  1.72800000e-04  1.40312184e+00 
 1.82800000e-04  8.50000000e-01  1.82800000e-04  1.40312184e+00 
 1.92800000e-04  8.50000000e-01  1.92800000e-04  1.40312184e+00 
 2.02800000e-04  8.50000000e-01  2.02800000e-04  1.40312184e+00 
 2.12800000e-04  8.50000000e-01  2.12800000e-04  1.40312183e+00 
 2.22800000e-04  8.50000000e-01  2.22800000e-04  1.40312183e+00 
 2.32800000e-04  8.50000000e-01  2.32800000e-04  1.40312183e+00 
 2.42800000e-04  8.50000000e-01  2.42800000e-04  1.40312183e+00 
 2.52800000e-04  8.50000000e-01  2.52800000e-04  1.40312183e+00 
 2.62800000e-04  8.50000000e-01  2.62800000e-04  1.40312183e+00 
 2.72800000e-04  8.50000000e-01  2.72800000e-04  1.40312183e+00 
 2.82800000e-04  8.50000000e-01  2.82800000e-04  1.40312183e+00 
 2.92800000e-04  8.50000000e-01  2.92800000e-04  1.40312182e+00 
 3.02800000e-04  8.50000000e-01  3.02800000e-04  1.40312182e+00 
 3.12800000e-04  8.50000000e-01  3.12800000e-04  1.40312182e+00 
 3.22800000e-04  8.50000000e-01  3.22800000e-04  1.40312182e+00 
 3.32800000e-04  8.50000000e-01  3.32800000e-04  1.40312182e+00 
 3.42800000e-04  8.50000000e-01  3.42800000e-04  1.40312182e+00 
 3.52800000e-04  8.50000000e-01  3.52800000e-04  1.40312182e+00 
 3.62800000e-04  8.50000000e-01  3.62800000e-04  1.40312182e+00 
 3.72800000e-04  8.50000000e-01  3.72800000e-04  1.40312182e+00 
 3.82800000e-04  8.50000000e-01  3.82800000e-04  1.40312182e+00 
 3.92800000e-04  8.50000000e-01  3.92800000e-04  1.40312181e+00 
 4.02800000e-04  8.50000000e-01  4.02800000e-04  1.40312181e+00 
 4.12800000e-04  8.50000000e-01  4.12800000e-04  1.40312181e+00 
 4.22800000e-04  8.50000000e-01  4.22800000e-04  1.40312181e+00 
 4.32800000e-04  8.50000000e-01  4.32800000e-04  1.40312181e+00 
 4.42800000e-04  8.50000000e-01  4.42800000e-04  1.40312181e+00 
 4.52800000e-04  8.50000000e-01  4.52800000e-04  1.40312181e+00 
 4.62800000e-04  8.50000000e-01  4.62800000e-04  1.40312181e+00 
 4.72800000e-04  8.50000000e-01  4.72800000e-04  1.40312181e+00 
 4.82800000e-04  8.50000000e-01  4.82800000e-04  1.40312181e+00 
 4.92800000e-04  8.50000000e-01  4.92800000e-04  1.40312181e+00 
 5.02800000e-04  8.50000000e-01  5.02800000e-04  1.40312181e+00 
 5.12800000e-04  8.50000000e-01  5.12800000e-04  1.40312181e+00 
 5.22800000e-04  8.50000000e-01  5.22800000e-04  1.40312181e+00 
 5.32800000e-04  8.50000000e-01  5.32800000e-04  1.40312180e+00 
 5.42800000e-04  8.50000000e-01  5.42800000e-04  1.40312180e+00 
 5.52800000e-04  8.50000000e-01  5.52800000e-04  1.40312180e+00 
 5.62800000e-04  8.50000000e-01  5.62800000e-04  1.40312180e+00 
 5.72800000e-04  8.50000000e-01  5.72800000e-04  1.40312180e+00 
 5.82800000e-04  8.50000000e-01  5.82800000e-04  1.40312180e+00 
 5.92800000e-04  8.50000000e-01  5.92800000e-04  1.40312180e+00 
 6.02800000e-04  8.50000000e-01  6.02800000e-04  1.40312180e+00 
 6.12800000e-04  8.50000000e-01  6.12800000e-04  1.40312180e+00 
 6.22800000e-04  8.50000000e-01  6.22800000e-04  1.40312180e+00 
 6.32800000e-04  8.50000000e-01  6.32800000e-04  1.40312180e+00 
 6.42800000e-04  8.50000000e-01  6.42800000e-04  1.40312180e+00 
 6.52800000e-04  8.50000000e-01  6.52800000e-04  1.40312180e+00 
 6.62800000e-04  8.50000000e-01  6.62800000e-04  1.40312180e+00 
 6.72800000e-04  8.50000000e-01  6.72800000e-04  1.40312180e+00 
 6.82800000e-04  8.50000000e-01  6.82800000e-04  1.40312180e+00 
 6.92800000e-04  8.50000000e-01  6.92800000e-04  1.40312180e+00 
 7.02800000e-04  8.50000000e-01  7.02800000e-04  1.40312180e+00 
 7.12800000e-04  8.50000000e-01  7.12800000e-04  1.40312180e+00 
 7.22800000e-04  8.50000000e-01  7.22800000e-04  1.40312180e+00 
 7.32800000e-04  8.50000000e-01  7.32800000e-04  1.40312179e+00 
 7.42800000e-04  8.50000000e-01  7.42800000e-04  1.40312179e+00 
 7.52800000e-04  8.50000000e-01  7.52800000e-04  1.40312179e+00 
 7.62800000e-04  8.50000000e-01  7.62800000e-04  1.40312179e+00 
 7.72800000e-04  8.50000000e-01  7.72800000e-04  1.40312179e+00 
 7.82800000e-04  8.50000000e-01  7.82800000e-04  1.40312179e+00 
 7.92800000e-04  8.50000000e-01  7.92800000e-04  1.40312179e+00 
 8.02800000e-04  8.50000000e-01  8.02800000e-04  1.40312179e+00 
 8.12800000e-04  8.50000000e-01  8.12800000e-04  1.40312179e+00 
 8.22800000e-04  8.50000000e-01  8.22800000e-04  1.40312179e+00 
 8.32800000e-04  8.50000000e-01  8.32800000e-04  1.40312179e+00 
 8.42800000e-04  8.50000000e-01  8.42800000e-04  1.40312179e+00 
 8.52800000e-04  8.50000000e-01  8.52800000e-04  1.40312179e+00 
 8.62800000e-04  8.50000000e-01  8.62800000e-04  1.40312179e+00 
 8.72800000e-04  8.50000000e-01  8.72800000e-04  1.40312179e+00 
 8.82800000e-04  8.50000000e-01  8.82800000e-04  1.40312179e+00 
 8.92800000e-04  8.50000000e-01  8.92800000e-04  1.40312179e+00 
 9.02800000e-04  8.50000000e-01  9.02800000e-04  1.40312179e+00 
 9.12800000e-04  8.50000000e-01  9.12800000e-04  1.40312179e+00 
 9.22800000e-04  8.50000000e-01  9.22800000e-04  1.40312179e+00 
 9.32800000e-04  8.50000000e-01  9.32800000e-04  1.40312179e+00 
 9.42800000e-04  8.50000000e-01  9.42800000e-04  1.40312179e+00 
 9.52800000e-04  8.50000000e-01  9.52800000e-04  1.40312179e+00 
 9.62800000e-04  8.50000000e-01  9.62800000e-04  1.40312179e+00 
 9.72800000e-04  8.50000000e-01  9.72800000e-04  1.40312179e+00 
 9.82800000e-04  8.50000000e-01  9.82800000e-04  1.40312179e+00 
 9.92800000e-04  8.50000000e-01  9.92800000e-04  1.40312179e+00 
 1.00280000e-03  8.50000000e-01  1.00280000e-03  1.40312179e+00 
 1.01280000e-03  8.50000000e-01  1.01280000e-03  1.40312179e+00 
 1.02280000e-03  8.50000000e-01  1.02280000e-03  1.40312179e+00 
 1.03280000e-03  8.50000000e-01  1.03280000e-03  1.40312179e+00 
 1.04280000e-03  8.50000000e-01  1.04280000e-03  1.40312179e+00 
 1.05280000e-03  8.50000000e-01  1.05280000e-03  1.40312179e+00 
 1.06280000e-03  8.50000000e-01  1.06280000e-03  1.40312179e+00 
 1.07280000e-03  8.50000000e-01  1.07280000e-03  1.40312179e+00 
 1.08280000e-03  8.50000000e-01  1.08280000e-03  1.40312179e+00 
 1.09280000e-03  8.50000000e-01  1.09280000e-03  1.40312179e+00 
 1.10280000e-03  8.50000000e-01  1.10280000e-03  1.40312179e+00 
 1.11280000e-03  8.50000000e-01  1.11280000e-03  1.40312179e+00 
 1.12280000e-03  8.50000000e-01  1.12280000e-03  1.40312179e+00 
 1.13280000e-03  8.50000000e-01  1.13280000e-03  1.40312179e+00 
 1.14280000e-03  8.50000000e-01  1.14280000e-03  1.40312179e+00 
 1.15280000e-03  8.50000000e-01  1.15280000e-03  1.40312179e+00 
 1.16280000e-03  8.50000000e-01  1.16280000e-03  1.40312179e+00 
 1.17280000e-03  8.50000000e-01  1.17280000e-03  1.40312178e+00 
 1.18280000e-03  8.50000000e-01  1.18280000e-03  1.40312178e+00 
 1.19280000e-03  8.50000000e-01  1.19280000e-03  1.40312178e+00 
 1.20280000e-03  8.50000000e-01  1.20280000e-03  1.40312178e+00 
 1.21280000e-03  8.50000000e-01  1.21280000e-03  1.40312178e+00 
 1.22280000e-03  8.50000000e-01  1.22280000e-03  1.40312178e+00 
 1.23280000e-03  8.50000000e-01  1.23280000e-03  1.40312178e+00 
 1.24280000e-03  8.50000000e-01  1.24280000e-03  1.40312178e+00 
 1.25280000e-03  8.50000000e-01  1.25280000e-03  1.40312178e+00 
 1.26280000e-03  8.50000000e-01  1.26280000e-03  1.40312178e+00 
 1.27280000e-03  8.50000000e-01  1.27280000e-03  1.40312178e+00 
 1.28280000e-03  8.50000000e-01  1.28280000e-03  1.40312178e+00 
 1.29280000e-03  8.50000000e-01  1.29280000e-03  1.40312178e+00 
 1.30280000e-03  8.50000000e-01  1.30280000e-03  1.40312178e+00 
 1.31280000e-03  8.50000000e-01  1.31280000e-03  1.40312178e+00 
 1.32280000e-03  8.50000000e-01  1.32280000e-03  1.40312178e+00 
 1.33280000e-03  8.50000000e-01  1.33280000e-03  1.40312178e+00 
 1.34280000e-03  8.50000000e-01  1.34280000e-03  1.40312178e+00 
 1.35280000e-03  8.50000000e-01  1.35280000e-03  1.40312178e+00 
 1.36280000e-03  8.50000000e-01  1.36280000e-03  1.40312178e+00 
 1.37280000e-03  8.50000000e-01  1.37280000e-03  1.40312178e+00 
 1.38280000e-03  8.50000000e-01  1.38280000e-03  1.40312178e+00 
 1.39280000e-03  8.50000000e-01  1.39280000e-03  1.40312178e+00 
 1.40280000e-03  8.50000000e-01  1.40280000e-03  1.40312178e+00 
 1.41280000e-03  8.50000000e-01  1.41280000e-03  1.40312178e+00 
 1.42280000e-03  8.50000000e-01  1.42280000e-03  1.40312178e+00 
 1.43280000e-03  8.50000000e-01  1.43280000e-03  1.40312178e+00 
 1.44280000e-03  8.50000000e-01  1.44280000e-03  1.40312178e+00 
 1.45280000e-03  8.50000000e-01  1.45280000e-03  1.40312178e+00 
 1.46280000e-03  8.50000000e-01  1.46280000e-03  1.40312178e+00 
 1.47280000e-03  8.50000000e-01  1.47280000e-03  1.40312178e+00 
 1.48280000e-03  8.50000000e-01  1.48280000e-03  1.40312178e+00 
 1.49280000e-03  8.50000000e-01  1.49280000e-03  1.40312178e+00 
 1.50280000e-03  8.50000000e-01  1.50280000e-03  1.40312178e+00 
 1.51280000e-03  8.50000000e-01  1.51280000e-03  1.40312178e+00 
 1.52280000e-03  8.50000000e-01  1.52280000e-03  1.40312178e+00 
 1.53280000e-03  8.50000000e-01  1.53280000e-03  1.40312178e+00 
 1.54280000e-03  8.50000000e-01  1.54280000e-03  1.40312178e+00 
 1.55280000e-03  8.50000000e-01  1.55280000e-03  1.40312178e+00 
 1.56280000e-03  8.50000000e-01  1.56280000e-03  1.40312178e+00 
 1.57280000e-03  8.50000000e-01  1.57280000e-03  1.40312178e+00 
 1.58280000e-03  8.50000000e-01  1.58280000e-03  1.40312178e+00 
 1.59280000e-03  8.50000000e-01  1.59280000e-03  1.40312178e+00 
 1.60280000e-03  8.50000000e-01  1.60280000e-03  1.40312178e+00 
 1.61280000e-03  8.50000000e-01  1.61280000e-03  1.40312178e+00 
 1.62280000e-03  8.50000000e-01  1.62280000e-03  1.40312178e+00 
 1.63280000e-03  8.50000000e-01  1.63280000e-03  1.40312178e+00 
 1.64280000e-03  8.50000000e-01  1.64280000e-03  1.40312178e+00 
 1.65280000e-03  8.50000000e-01  1.65280000e-03  1.40312178e+00 
 1.66280000e-03  8.50000000e-01  1.66280000e-03  1.40312178e+00 
 1.67280000e-03  8.50000000e-01  1.67280000e-03  1.40312178e+00 
 1.68280000e-03  8.50000000e-01  1.68280000e-03  1.40312178e+00 
 1.69280000e-03  8.50000000e-01  1.69280000e-03  1.40312178e+00 
 1.70280000e-03  8.50000000e-01  1.70280000e-03  1.40312178e+00 
 1.71280000e-03  8.50000000e-01  1.71280000e-03  1.40312178e+00 
 1.72280000e-03  8.50000000e-01  1.72280000e-03  1.40312178e+00 
 1.73280000e-03  8.50000000e-01  1.73280000e-03  1.40312178e+00 
 1.74280000e-03  8.50000000e-01  1.74280000e-03  1.40312178e+00 
 1.75280000e-03  8.50000000e-01  1.75280000e-03  1.40312178e+00 
 1.76280000e-03  8.50000000e-01  1.76280000e-03  1.40312178e+00 
 1.77280000e-03  8.50000000e-01  1.77280000e-03  1.40312178e+00 
 1.78280000e-03  8.50000000e-01  1.78280000e-03  1.40312178e+00 
 1.79280000e-03  8.50000000e-01  1.79280000e-03  1.40312178e+00 
 1.80280000e-03  8.50000000e-01  1.80280000e-03  1.40312178e+00 
 1.81280000e-03  8.50000000e-01  1.81280000e-03  1.40312178e+00 
 1.82280000e-03  8.50000000e-01  1.82280000e-03  1.40312178e+00 
 1.83280000e-03  8.50000000e-01  1.83280000e-03  1.40312178e+00 
 1.84280000e-03  8.50000000e-01  1.84280000e-03  1.40312178e+00 
 1.85280000e-03  8.50000000e-01  1.85280000e-03  1.40312178e+00 
 1.86280000e-03  8.50000000e-01  1.86280000e-03  1.40312178e+00 
 1.87280000e-03  8.50000000e-01  1.87280000e-03  1.40312178e+00 
 1.88280000e-03  8.50000000e-01  1.88280000e-03  1.40312178e+00 
 1.89280000e-03  8.50000000e-01  1.89280000e-03  1.40312178e+00 
 1.90280000e-03  8.50000000e-01  1.90280000e-03  1.40312178e+00 
 1.91280000e-03  8.50000000e-01  1.91280000e-03  1.40312178e+00 
 1.92280000e-03  8.50000000e-01  1.92280000e-03  1.40312178e+00 
 1.93280000e-03  8.50000000e-01  1.93280000e-03  1.40312178e+00 
 1.94280000e-03  8.50000000e-01  1.94280000e-03  1.40312178e+00 
 1.95280000e-03  8.50000000e-01  1.95280000e-03  1.40312178e+00 
 1.96280000e-03  8.50000000e-01  1.96280000e-03  1.40312178e+00 
 1.97280000e-03  8.50000000e-01  1.97280000e-03  1.40312178e+00 
 1.98280000e-03  8.50000000e-01  1.98280000e-03  1.40312178e+00 
 1.99280000e-03  8.50000000e-01  1.99280000e-03  1.40312178e+00 
 2.00280000e-03  8.50000000e-01  2.00280000e-03  1.40312178e+00 
 2.01280000e-03  8.50000000e-01  2.01280000e-03  1.40312178e+00 
 2.02280000e-03  8.50000000e-01  2.02280000e-03  1.40312178e+00 
 2.03280000e-03  8.50000000e-01  2.03280000e-03  1.40312178e+00 
 2.04280000e-03  8.50000000e-01  2.04280000e-03  1.40312178e+00 
 2.05280000e-03  8.50000000e-01  2.05280000e-03  1.40312178e+00 
 2.06280000e-03  8.50000000e-01  2.06280000e-03  1.40312178e+00 
 2.07280000e-03  8.50000000e-01  2.07280000e-03  1.40312178e+00 
 2.08280000e-03  8.50000000e-01  2.08280000e-03  1.40312178e+00 
 2.09280000e-03  8.50000000e-01  2.09280000e-03  1.40312178e+00 
 2.10280000e-03  8.50000000e-01  2.10280000e-03  1.40312178e+00 
 2.11280000e-03  8.50000000e-01  2.11280000e-03  1.40312178e+00 
 2.12280000e-03  8.50000000e-01  2.12280000e-03  1.40312178e+00 
 2.13280000e-03  8.50000000e-01  2.13280000e-03  1.40312178e+00 
 2.14280000e-03  8.50000000e-01  2.14280000e-03  1.40312178e+00 
 2.15280000e-03  8.50000000e-01  2.15280000e-03  1.40312178e+00 
 2.16280000e-03  8.50000000e-01  2.16280000e-03  1.40312178e+00 
 2.17280000e-03  8.50000000e-01  2.17280000e-03  1.40312178e+00 
 2.18280000e-03  8.50000000e-01  2.18280000e-03  1.40312178e+00 
 2.19280000e-03  8.50000000e-01  2.19280000e-03  1.40312178e+00 
 2.20280000e-03  8.50000000e-01  2.20280000e-03  1.40312178e+00 
 2.21280000e-03  8.50000000e-01  2.21280000e-03  1.40312178e+00 
 2.22280000e-03  8.50000000e-01  2.22280000e-03  1.40312178e+00 
 2.23280000e-03  8.50000000e-01  2.23280000e-03  1.40312178e+00 
 2.24280000e-03  8.50000000e-01  2.24280000e-03  1.40312178e+00 
 2.25280000e-03  8.50000000e-01  2.25280000e-03  1.40312178e+00 
 2.26280000e-03  8.50000000e-01  2.26280000e-03  1.40312178e+00 
 2.27280000e-03  8.50000000e-01  2.27280000e-03  1.40312178e+00 
 2.28280000e-03  8.50000000e-01  2.28280000e-03  1.40312178e+00 
 2.29280000e-03  8.50000000e-01  2.29280000e-03  1.40312178e+00 
 2.30280000e-03  8.50000000e-01  2.30280000e-03  1.40312178e+00 
 2.31280000e-03  8.50000000e-01  2.31280000e-03  1.40312178e+00 
 2.32280000e-03  8.50000000e-01  2.32280000e-03  1.40312178e+00 
 2.33280000e-03  8.50000000e-01  2.33280000e-03  1.40312178e+00 
 2.34280000e-03  8.50000000e-01  2.34280000e-03  1.40312178e+00 
 2.35280000e-03  8.50000000e-01  2.35280000e-03  1.40312178e+00 
 2.36280000e-03  8.50000000e-01  2.36280000e-03  1.40312178e+00 
 2.37280000e-03  8.50000000e-01  2.37280000e-03  1.40312178e+00 
 2.38280000e-03  8.50000000e-01  2.38280000e-03  1.40312178e+00 
 2.39280000e-03  8.50000000e-01  2.39280000e-03  1.40312178e+00 
 2.40280000e-03  8.50000000e-01  2.40280000e-03  1.40312178e+00 
 2.41280000e-03  8.50000000e-01  2.41280000e-03  1.40312178e+00 
 2.42280000e-03  8.50000000e-01  2.42280000e-03  1.40312178e+00 
 2.43280000e-03  8.50000000e-01  2.43280000e-03  1.40312178e+00 
 2.44280000e-03  8.50000000e-01  2.44280000e-03  1.40312178e+00 
 2.45280000e-03  8.50000000e-01  2.45280000e-03  1.40312178e+00 
 2.46280000e-03  8.50000000e-01  2.46280000e-03  1.40312178e+00 
 2.47280000e-03  8.50000000e-01  2.47280000e-03  1.40312178e+00 
 2.48280000e-03  8.50000000e-01  2.48280000e-03  1.40312178e+00 
 2.49280000e-03  8.50000000e-01  2.49280000e-03  1.40312178e+00 
 2.50280000e-03  8.50000000e-01  2.50280000e-03  1.40312178e+00 
 2.51280000e-03  8.50000000e-01  2.51280000e-03  1.40312178e+00 
 2.52280000e-03  8.50000000e-01  2.52280000e-03  1.40312178e+00 
 2.53280000e-03  8.50000000e-01  2.53280000e-03  1.40312178e+00 
 2.54280000e-03  8.50000000e-01  2.54280000e-03  1.40312178e+00 
 2.55280000e-03  8.50000000e-01  2.55280000e-03  1.40312178e+00 
 2.56280000e-03  8.50000000e-01  2.56280000e-03  1.40312178e+00 
 2.57280000e-03  8.50000000e-01  2.57280000e-03  1.40312178e+00 
 2.58280000e-03  8.50000000e-01  2.58280000e-03  1.40312178e+00 
 2.59280000e-03  8.50000000e-01  2.59280000e-03  1.40312178e+00 
 2.60280000e-03  8.50000000e-01  2.60280000e-03  1.40312178e+00 
 2.61280000e-03  8.50000000e-01  2.61280000e-03  1.40312178e+00 
 2.62280000e-03  8.50000000e-01  2.62280000e-03  1.40312178e+00 
 2.63280000e-03  8.50000000e-01  2.63280000e-03  1.40312178e+00 
 2.64280000e-03  8.50000000e-01  2.64280000e-03  1.40312178e+00 
 2.65280000e-03  8.50000000e-01  2.65280000e-03  1.40312178e+00 
 2.66280000e-03  8.50000000e-01  2.66280000e-03  1.40312178e+00 
 2.67280000e-03  8.50000000e-01  2.67280000e-03  1.40312178e+00 
 2.68280000e-03  8.50000000e-01  2.68280000e-03  1.40312178e+00 
 2.69280000e-03  8.50000000e-01  2.69280000e-03  1.40312178e+00 
 2.70280000e-03  8.50000000e-01  2.70280000e-03  1.40312178e+00 
 2.71280000e-03  8.50000000e-01  2.71280000e-03  1.40312178e+00 
 2.72280000e-03  8.50000000e-01  2.72280000e-03  1.40312178e+00 
 2.73280000e-03  8.50000000e-01  2.73280000e-03  1.40312178e+00 
 2.74280000e-03  8.50000000e-01  2.74280000e-03  1.40312178e+00 
 2.75280000e-03  8.50000000e-01  2.75280000e-03  1.40312178e+00 
 2.76280000e-03  8.50000000e-01  2.76280000e-03  1.40312178e+00 
 2.77280000e-03  8.50000000e-01  2.77280000e-03  1.40312178e+00 
 2.78280000e-03  8.50000000e-01  2.78280000e-03  1.40312178e+00 
 2.79280000e-03  8.50000000e-01  2.79280000e-03  1.40312178e+00 
 2.80280000e-03  8.50000000e-01  2.80280000e-03  1.40312178e+00 
 2.81280000e-03  8.50000000e-01  2.81280000e-03  1.40312178e+00 
 2.82280000e-03  8.50000000e-01  2.82280000e-03  1.40312178e+00 
 2.83280000e-03  8.50000000e-01  2.83280000e-03  1.40312178e+00 
 2.84280000e-03  8.50000000e-01  2.84280000e-03  1.40312178e+00 
 2.85280000e-03  8.50000000e-01  2.85280000e-03  1.40312178e+00 
 2.86280000e-03  8.50000000e-01  2.86280000e-03  1.40312178e+00 
 2.87280000e-03  8.50000000e-01  2.87280000e-03  1.40312178e+00 
 2.88280000e-03  8.50000000e-01  2.88280000e-03  1.40312178e+00 
 2.89280000e-03  8.50000000e-01  2.89280000e-03  1.40312178e+00 
 2.90280000e-03  8.50000000e-01  2.90280000e-03  1.40312178e+00 
 2.91280000e-03  8.50000000e-01  2.91280000e-03  1.40312178e+00 
 2.92280000e-03  8.50000000e-01  2.92280000e-03  1.40312178e+00 
 2.93280000e-03  8.50000000e-01  2.93280000e-03  1.40312178e+00 
 2.94280000e-03  8.50000000e-01  2.94280000e-03  1.40312178e+00 
 2.95280000e-03  8.50000000e-01  2.95280000e-03  1.40312178e+00 
 2.96280000e-03  8.50000000e-01  2.96280000e-03  1.40312178e+00 
 2.97280000e-03  8.50000000e-01  2.97280000e-03  1.40312178e+00 
 2.98280000e-03  8.50000000e-01  2.98280000e-03  1.40312178e+00 
 2.99280000e-03  8.50000000e-01  2.99280000e-03  1.40312178e+00 
 3.00280000e-03  8.50000000e-01  3.00280000e-03  1.40312178e+00 
 3.01280000e-03  8.50000000e-01  3.01280000e-03  1.40312178e+00 
 3.02280000e-03  8.50000000e-01  3.02280000e-03  1.40312178e+00 
 3.03280000e-03  8.50000000e-01  3.03280000e-03  1.40312178e+00 
 3.04280000e-03  8.50000000e-01  3.04280000e-03  1.40312178e+00 
 3.05280000e-03  8.50000000e-01  3.05280000e-03  1.40312178e+00 
 3.06280000e-03  8.50000000e-01  3.06280000e-03  1.40312178e+00 
 3.07280000e-03  8.50000000e-01  3.07280000e-03  1.40312178e+00 
 3.08280000e-03  8.50000000e-01  3.08280000e-03  1.40312178e+00 
 3.09280000e-03  8.50000000e-01  3.09280000e-03  1.40312178e+00 
 3.10280000e-03  8.50000000e-01  3.10280000e-03  1.40312178e+00 
 3.11280000e-03  8.50000000e-01  3.11280000e-03  1.40312178e+00 
 3.12280000e-03  8.50000000e-01  3.12280000e-03  1.40312178e+00 
 3.13280000e-03  8.50000000e-01  3.13280000e-03  1.40312178e+00 
 3.14280000e-03  8.50000000e-01  3.14280000e-03  1.40312178e+00 
 3.15280000e-03  8.50000000e-01  3.15280000e-03  1.40312178e+00 
 3.16280000e-03  8.50000000e-01  3.16280000e-03  1.40312178e+00 
 3.17280000e-03  8.50000000e-01  3.17280000e-03  1.40312178e+00 
 3.18280000e-03  8.50000000e-01  3.18280000e-03  1.40312178e+00 
 3.19280000e-03  8.50000000e-01  3.19280000e-03  1.40312178e+00 
 3.20280000e-03  8.50000000e-01  3.20280000e-03  1.40312178e+00 
 3.21280000e-03  8.50000000e-01  3.21280000e-03  1.40312178e+00 
 3.22280000e-03  8.50000000e-01  3.22280000e-03  1.40312178e+00 
 3.23280000e-03  8.50000000e-01  3.23280000e-03  1.40312178e+00 
 3.24280000e-03  8.50000000e-01  3.24280000e-03  1.40312178e+00 
 3.25280000e-03  8.50000000e-01  3.25280000e-03  1.40312178e+00 
 3.26280000e-03  8.50000000e-01  3.26280000e-03  1.40312178e+00 
 3.27280000e-03  8.50000000e-01  3.27280000e-03  1.40312178e+00 
 3.28280000e-03  8.50000000e-01  3.28280000e-03  1.40312178e+00 
 3.29280000e-03  8.50000000e-01  3.29280000e-03  1.40312178e+00 
 3.30280000e-03  8.50000000e-01  3.30280000e-03  1.40312178e+00 
 3.31280000e-03  8.50000000e-01  3.31280000e-03  1.40312178e+00 
 3.32280000e-03  8.50000000e-01  3.32280000e-03  1.40312178e+00 
 3.33280000e-03  8.50000000e-01  3.33280000e-03  1.40312178e+00 
 3.34280000e-03  8.50000000e-01  3.34280000e-03  1.40312178e+00 
 3.35280000e-03  8.50000000e-01  3.35280000e-03  1.40312178e+00 
 3.36280000e-03  8.50000000e-01  3.36280000e-03  1.40312178e+00 
 3.37280000e-03  8.50000000e-01  3.37280000e-03  1.40312178e+00 
 3.38280000e-03  8.50000000e-01  3.38280000e-03  1.40312178e+00 
 3.39280000e-03  8.50000000e-01  3.39280000e-03  1.40312178e+00 
 3.40280000e-03  8.50000000e-01  3.40280000e-03  1.40312178e+00 
 3.41280000e-03  8.50000000e-01  3.41280000e-03  1.40312178e+00 
 3.42280000e-03  8.50000000e-01  3.42280000e-03  1.40312178e+00 
 3.43280000e-03  8.50000000e-01  3.43280000e-03  1.40312178e+00 
 3.44280000e-03  8.50000000e-01  3.44280000e-03  1.40312178e+00 
 3.45280000e-03  8.50000000e-01  3.45280000e-03  1.40312178e+00 
 3.46280000e-03  8.50000000e-01  3.46280000e-03  1.40312178e+00 
 3.47280000e-03  8.50000000e-01  3.47280000e-03  1.40312178e+00 
 3.48280000e-03  8.50000000e-01  3.48280000e-03  1.40312178e+00 
 3.49280000e-03  8.50000000e-01  3.49280000e-03  1.40312178e+00 
 3.50280000e-03  8.50000000e-01  3.50280000e-03  1.40312178e+00 
 3.51280000e-03  8.50000000e-01  3.51280000e-03  1.40312178e+00 
 3.52280000e-03  8.50000000e-01  3.52280000e-03  1.40312178e+00 
 3.53280000e-03  8.50000000e-01  3.53280000e-03  1.40312178e+00 
 3.54280000e-03  8.50000000e-01  3.54280000e-03  1.40312178e+00 
 3.55280000e-03  8.50000000e-01  3.55280000e-03  1.40312178e+00 
 3.56280000e-03  8.50000000e-01  3.56280000e-03  1.40312178e+00 
 3.57280000e-03  8.50000000e-01  3.57280000e-03  1.40312178e+00 
 3.58280000e-03  8.50000000e-01  3.58280000e-03  1.40312178e+00 
 3.59280000e-03  8.50000000e-01  3.59280000e-03  1.40312178e+00 
 3.60280000e-03  8.50000000e-01  3.60280000e-03  1.40312178e+00 
 3.61280000e-03  8.50000000e-01  3.61280000e-03  1.40312178e+00 
 3.62280000e-03  8.50000000e-01  3.62280000e-03  1.40312178e+00 
 3.63280000e-03  8.50000000e-01  3.63280000e-03  1.40312178e+00 
 3.64280000e-03  8.50000000e-01  3.64280000e-03  1.40312178e+00 
 3.65280000e-03  8.50000000e-01  3.65280000e-03  1.40312178e+00 
 3.66280000e-03  8.50000000e-01  3.66280000e-03  1.40312178e+00 
 3.67280000e-03  8.50000000e-01  3.67280000e-03  1.40312178e+00 
 3.68280000e-03  8.50000000e-01  3.68280000e-03  1.40312178e+00 
 3.69280000e-03  8.50000000e-01  3.69280000e-03  1.40312178e+00 
 3.70280000e-03  8.50000000e-01  3.70280000e-03  1.40312178e+00 
 3.71280000e-03  8.50000000e-01  3.71280000e-03  1.40312178e+00 
 3.72280000e-03  8.50000000e-01  3.72280000e-03  1.40312178e+00 
 3.73280000e-03  8.50000000e-01  3.73280000e-03  1.40312178e+00 
 3.74280000e-03  8.50000000e-01  3.74280000e-03  1.40312178e+00 
 3.75280000e-03  8.50000000e-01  3.75280000e-03  1.40312178e+00 
 3.76280000e-03  8.50000000e-01  3.76280000e-03  1.40312178e+00 
 3.77280000e-03  8.50000000e-01  3.77280000e-03  1.40312178e+00 
 3.78280000e-03  8.50000000e-01  3.78280000e-03  1.40312178e+00 
 3.79280000e-03  8.50000000e-01  3.79280000e-03  1.40312178e+00 
 3.80280000e-03  8.50000000e-01  3.80280000e-03  1.40312178e+00 
 3.81280000e-03  8.50000000e-01  3.81280000e-03  1.40312178e+00 
 3.82280000e-03  8.50000000e-01  3.82280000e-03  1.40312178e+00 
 3.83280000e-03  8.50000000e-01  3.83280000e-03  1.40312178e+00 
 3.84280000e-03  8.50000000e-01  3.84280000e-03  1.40312178e+00 
 3.85280000e-03  8.50000000e-01  3.85280000e-03  1.40312178e+00 
 3.86280000e-03  8.50000000e-01  3.86280000e-03  1.40312178e+00 
 3.87280000e-03  8.50000000e-01  3.87280000e-03  1.40312178e+00 
 3.88280000e-03  8.50000000e-01  3.88280000e-03  1.40312178e+00 
 3.89280000e-03  8.50000000e-01  3.89280000e-03  1.40312178e+00 
 3.90280000e-03  8.50000000e-01  3.90280000e-03  1.40312178e+00 
 3.91280000e-03  8.50000000e-01  3.91280000e-03  1.40312178e+00 
 3.92280000e-03  8.50000000e-01  3.92280000e-03  1.40312178e+00 
 3.93280000e-03  8.50000000e-01  3.93280000e-03  1.40312178e+00 
 3.94280000e-03  8.50000000e-01  3.94280000e-03  1.40312178e+00 
 3.95280000e-03  8.50000000e-01  3.95280000e-03  1.40312178e+00 
 3.96280000e-03  8.50000000e-01  3.96280000e-03  1.40312178e+00 
 3.97280000e-03  8.50000000e-01  3.97280000e-03  1.40312178e+00 
 3.98280000e-03  8.50000000e-01  3.98280000e-03  1.40312178e+00 
 3.99280000e-03  8.50000000e-01  3.99280000e-03  1.40312178e+00 
 4.00280000e-03  8.50000000e-01  4.00280000e-03  1.40312178e+00 
 4.01280000e-03  8.50000000e-01  4.01280000e-03  1.40312178e+00 
 4.02280000e-03  8.50000000e-01  4.02280000e-03  1.40312178e+00 
 4.03280000e-03  8.50000000e-01  4.03280000e-03  1.40312178e+00 
 4.04280000e-03  8.50000000e-01  4.04280000e-03  1.40312178e+00 
 4.05280000e-03  8.50000000e-01  4.05280000e-03  1.40312178e+00 
 4.06280000e-03  8.50000000e-01  4.06280000e-03  1.40312178e+00 
 4.07280000e-03  8.50000000e-01  4.07280000e-03  1.40312178e+00 
 4.08280000e-03  8.50000000e-01  4.08280000e-03  1.40312178e+00 
 4.09280000e-03  8.50000000e-01  4.09280000e-03  1.40312178e+00 
 4.10280000e-03  8.50000000e-01  4.10280000e-03  1.40312178e+00 
 4.11280000e-03  8.50000000e-01  4.11280000e-03  1.40312178e+00 
 4.12280000e-03  8.50000000e-01  4.12280000e-03  1.40312178e+00 
 4.13280000e-03  8.50000000e-01  4.13280000e-03  1.40312178e+00 
 4.14280000e-03  8.50000000e-01  4.14280000e-03  1.40312178e+00 
 4.15280000e-03  8.50000000e-01  4.15280000e-03  1.40312178e+00 
 4.16280000e-03  8.50000000e-01  4.16280000e-03  1.40312178e+00 
 4.17280000e-03  8.50000000e-01  4.17280000e-03  1.40312178e+00 
 4.18280000e-03  8.50000000e-01  4.18280000e-03  1.40312178e+00 
 4.19280000e-03  8.50000000e-01  4.19280000e-03  1.40312178e+00 
 4.20280000e-03  8.50000000e-01  4.20280000e-03  1.40312178e+00 
 4.21280000e-03  8.50000000e-01  4.21280000e-03  1.40312178e+00 
 4.22280000e-03  8.50000000e-01  4.22280000e-03  1.40312178e+00 
 4.23280000e-03  8.50000000e-01  4.23280000e-03  1.40312178e+00 
 4.24280000e-03  8.50000000e-01  4.24280000e-03  1.40312178e+00 
 4.25280000e-03  8.50000000e-01  4.25280000e-03  1.40312178e+00 
 4.26280000e-03  8.50000000e-01  4.26280000e-03  1.40312178e+00 
 4.27280000e-03  8.50000000e-01  4.27280000e-03  1.40312178e+00 
 4.28280000e-03  8.50000000e-01  4.28280000e-03  1.40312178e+00 
 4.29280000e-03  8.50000000e-01  4.29280000e-03  1.40312178e+00 
 4.30280000e-03  8.50000000e-01  4.30280000e-03  1.40312178e+00 
 4.31280000e-03  8.50000000e-01  4.31280000e-03  1.40312178e+00 
 4.32280000e-03  8.50000000e-01  4.32280000e-03  1.40312178e+00 
 4.33280000e-03  8.50000000e-01  4.33280000e-03  1.40312178e+00 
 4.34280000e-03  8.50000000e-01  4.34280000e-03  1.40312178e+00 
 4.35280000e-03  8.50000000e-01  4.35280000e-03  1.40312178e+00 
 4.36280000e-03  8.50000000e-01  4.36280000e-03  1.40312178e+00 
 4.37280000e-03  8.50000000e-01  4.37280000e-03  1.40312178e+00 
 4.38280000e-03  8.50000000e-01  4.38280000e-03  1.40312178e+00 
 4.39280000e-03  8.50000000e-01  4.39280000e-03  1.40312178e+00 
 4.40280000e-03  8.50000000e-01  4.40280000e-03  1.40312178e+00 
 4.41280000e-03  8.50000000e-01  4.41280000e-03  1.40312178e+00 
 4.42280000e-03  8.50000000e-01  4.42280000e-03  1.40312178e+00 
 4.43280000e-03  8.50000000e-01  4.43280000e-03  1.40312178e+00 
 4.44280000e-03  8.50000000e-01  4.44280000e-03  1.40312178e+00 
 4.45280000e-03  8.50000000e-01  4.45280000e-03  1.40312178e+00 
 4.46280000e-03  8.50000000e-01  4.46280000e-03  1.40312178e+00 
 4.47280000e-03  8.50000000e-01  4.47280000e-03  1.40312178e+00 
 4.48280000e-03  8.50000000e-01  4.48280000e-03  1.40312178e+00 
 4.49280000e-03  8.50000000e-01  4.49280000e-03  1.40312178e+00 
 4.50280000e-03  8.50000000e-01  4.50280000e-03  1.40312178e+00 
 4.51280000e-03  8.50000000e-01  4.51280000e-03  1.40312178e+00 
 4.52280000e-03  8.50000000e-01  4.52280000e-03  1.40312178e+00 
 4.53280000e-03  8.50000000e-01  4.53280000e-03  1.40312178e+00 
 4.54280000e-03  8.50000000e-01  4.54280000e-03  1.40312178e+00 
 4.55280000e-03  8.50000000e-01  4.55280000e-03  1.40312178e+00 
 4.56280000e-03  8.50000000e-01  4.56280000e-03  1.40312178e+00 
 4.57280000e-03  8.50000000e-01  4.57280000e-03  1.40312178e+00 
 4.58280000e-03  8.50000000e-01  4.58280000e-03  1.40312178e+00 
 4.59280000e-03  8.50000000e-01  4.59280000e-03  1.40312178e+00 
 4.60280000e-03  8.50000000e-01  4.60280000e-03  1.40312178e+00 
 4.61280000e-03  8.50000000e-01  4.61280000e-03  1.40312178e+00 
 4.62280000e-03  8.50000000e-01  4.62280000e-03  1.40312178e+00 
 4.63280000e-03  8.50000000e-01  4.63280000e-03  1.40312178e+00 
 4.64280000e-03  8.50000000e-01  4.64280000e-03  1.40312178e+00 
 4.65280000e-03  8.50000000e-01  4.65280000e-03  1.40312178e+00 
 4.66280000e-03  8.50000000e-01  4.66280000e-03  1.40312178e+00 
 4.67280000e-03  8.50000000e-01  4.67280000e-03  1.40312178e+00 
 4.68280000e-03  8.50000000e-01  4.68280000e-03  1.40312178e+00 
 4.69280000e-03  8.50000000e-01  4.69280000e-03  1.40312178e+00 
 4.70280000e-03  8.50000000e-01  4.70280000e-03  1.40312178e+00 
 4.71280000e-03  8.50000000e-01  4.71280000e-03  1.40312178e+00 
 4.72280000e-03  8.50000000e-01  4.72280000e-03  1.40312178e+00 
 4.73280000e-03  8.50000000e-01  4.73280000e-03  1.40312178e+00 
 4.74280000e-03  8.50000000e-01  4.74280000e-03  1.40312178e+00 
 4.75280000e-03  8.50000000e-01  4.75280000e-03  1.40312178e+00 
 4.76280000e-03  8.50000000e-01  4.76280000e-03  1.40312178e+00 
 4.77280000e-03  8.50000000e-01  4.77280000e-03  1.40312178e+00 
 4.78280000e-03  8.50000000e-01  4.78280000e-03  1.40312178e+00 
 4.79280000e-03  8.50000000e-01  4.79280000e-03  1.40312178e+00 
 4.80280000e-03  8.50000000e-01  4.80280000e-03  1.40312178e+00 
 4.81280000e-03  8.50000000e-01  4.81280000e-03  1.40312178e+00 
 4.82280000e-03  8.50000000e-01  4.82280000e-03  1.40312178e+00 
 4.83280000e-03  8.50000000e-01  4.83280000e-03  1.40312178e+00 
 4.84280000e-03  8.50000000e-01  4.84280000e-03  1.40312178e+00 
 4.85280000e-03  8.50000000e-01  4.85280000e-03  1.40312178e+00 
 4.86280000e-03  8.50000000e-01  4.86280000e-03  1.40312178e+00 
 4.87280000e-03  8.50000000e-01  4.87280000e-03  1.40312178e+00 
 4.88280000e-03  8.50000000e-01  4.88280000e-03  1.40312178e+00 
 4.89280000e-03  8.50000000e-01  4.89280000e-03  1.40312178e+00 
 4.90280000e-03  8.50000000e-01  4.90280000e-03  1.40312178e+00 
 4.91280000e-03  8.50000000e-01  4.91280000e-03  1.40312178e+00 
 4.92280000e-03  8.50000000e-01  4.92280000e-03  1.40312178e+00 
 4.93280000e-03  8.50000000e-01  4.93280000e-03  1.40312178e+00 
 4.94280000e-03  8.50000000e-01  4.94280000e-03  1.40312178e+00 
 4.95280000e-03  8.50000000e-01  4.95280000e-03  1.40312178e+00 
 4.96280000e-03  8.50000000e-01  4.96280000e-03  1.40312178e+00 
 4.97280000e-03  8.50000000e-01  4.97280000e-03  1.40312178e+00 
 4.98280000e-03  8.50000000e-01  4.98280000e-03  1.40312178e+00 
 4.99280000e-03  8.50000000e-01  4.99280000e-03  1.40312178e+00 
 5.00000000e-03  8.50000000e-01  5.00000000e-03  1.40312169e+00 
 5.00100000e-03  8.60000000e-01  5.00100000e-03  1.40312695e+00 
 5.00300000e-03  8.80000000e-01  5.00300000e-03  1.40315223e+00 
 5.00700000e-03  9.20000000e-01  5.00700000e-03  1.40328896e+00 
 5.01000000e-03  9.50000000e-01  5.01000000e-03  1.40343861e+00 
 5.01080000e-03  9.50000000e-01  5.01080000e-03  1.40347355e+00 
 5.01240000e-03  9.50000000e-01  5.01240000e-03  1.40352619e+00 
 5.01560000e-03  9.50000000e-01  5.01560000e-03  1.40349210e+00 
 5.02200000e-03  9.50000000e-01  5.02200000e-03  1.40275322e+00 
 5.02978381e-03  9.50000000e-01  5.02978381e-03  1.40070360e+00 
 5.03978381e-03  9.50000000e-01  5.03978381e-03  1.39658704e+00 
 5.04978381e-03  9.50000000e-01  5.04978381e-03  1.39122617e+00 
 5.05978381e-03  9.50000000e-01  5.05978381e-03  1.38498342e+00 
 5.06978381e-03  9.50000000e-01  5.06978381e-03  1.37812427e+00 
 5.07978381e-03  9.50000000e-01  5.07978381e-03  1.37083139e+00 
 5.08978381e-03  9.50000000e-01  5.08978381e-03  1.36322332e+00 
 5.09978381e-03  9.50000000e-01  5.09978381e-03  1.35537270e+00 
 5.10978381e-03  9.50000000e-01  5.10978381e-03  1.34732178e+00 
 5.11978381e-03  9.50000000e-01  5.11978381e-03  1.33908349e+00 
 5.12978381e-03  9.50000000e-01  5.12978381e-03  1.33058614e+00 
 5.13978381e-03  9.50000000e-01  5.13978381e-03  1.32198936e+00 
 5.14978381e-03  9.50000000e-01  5.14978381e-03  1.31340133e+00 
 5.15978381e-03  9.50000000e-01  5.15978381e-03  1.30463966e+00 
 5.16978381e-03  9.50000000e-01  5.16978381e-03  1.29590304e+00 
 5.17978381e-03  9.50000000e-01  5.17978381e-03  1.28708919e+00 
 5.18978381e-03  9.50000000e-01  5.18978381e-03  1.27828145e+00 
 5.19978381e-03  9.50000000e-01  5.19978381e-03  1.26943877e+00 
 5.20978381e-03  9.50000000e-01  5.20978381e-03  1.26059698e+00 
 5.21978381e-03  9.50000000e-01  5.21978381e-03  1.25174007e+00 
 5.22978381e-03  9.50000000e-01  5.22978381e-03  1.24288360e+00 
 5.23978381e-03  9.50000000e-01  5.23978381e-03  1.23402146e+00 
 5.24978381e-03  9.50000000e-01  5.24978381e-03  1.22516038e+00 
 5.25978381e-03  9.50000000e-01  5.25978381e-03  1.21629820e+00 
 5.26978381e-03  9.50000000e-01  5.26978381e-03  1.20743773e+00 
 5.27978381e-03  9.50000000e-01  5.27978381e-03  1.19857835e+00 
 5.28978381e-03  9.50000000e-01  5.28978381e-03  1.18972115e+00 
 5.29978381e-03  9.50000000e-01  5.29978381e-03  1.18086605e+00 
 5.30978381e-03  9.50000000e-01  5.30978381e-03  1.17201315e+00 
 5.31978381e-03  9.50000000e-01  5.31978381e-03  1.16316225e+00 
 5.32978381e-03  9.50000000e-01  5.32978381e-03  1.15431271e+00 
 5.33978381e-03  9.50000000e-01  5.33978381e-03  1.14546336e+00 
 5.34978381e-03  9.50000000e-01  5.34978381e-03  1.13661261e+00 
 5.35978381e-03  9.50000000e-01  5.35978381e-03  1.12776057e+00 
 5.36978381e-03  9.50000000e-01  5.36978381e-03  1.11890888e+00 
 5.37978381e-03  9.50000000e-01  5.37978381e-03  1.11006060e+00 
 5.38978381e-03  9.50000000e-01  5.38978381e-03  1.10121810e+00 
 5.39978381e-03  9.50000000e-01  5.39978381e-03  1.09238313e+00 
 5.40978381e-03  9.50000000e-01  5.40978381e-03  1.08355566e+00 
 5.41978381e-03  9.50000000e-01  5.41978381e-03  1.07473509e+00 
 5.42978381e-03  9.50000000e-01  5.42978381e-03  1.06592019e+00 
 5.43978381e-03  9.50000000e-01  5.43978381e-03  1.05711009e+00 
 5.44978381e-03  9.50000000e-01  5.44978381e-03  1.04830365e+00 
 5.45978381e-03  9.50000000e-01  5.45978381e-03  1.03950054e+00 
 5.46978381e-03  9.50000000e-01  5.46978381e-03  1.03070027e+00 
 5.47978381e-03  9.50000000e-01  5.47978381e-03  1.02190277e+00 
 5.48978381e-03  9.50000000e-01  5.48978381e-03  1.01310793e+00 
 5.49978381e-03  9.50000000e-01  5.49978381e-03  1.00431602e+00 
 5.50978381e-03  9.50000000e-01  5.50978381e-03  9.95526947e-01 
 5.51978381e-03  9.50000000e-01  5.51978381e-03  9.86740909e-01 
 5.52978381e-03  9.50000000e-01  5.52978381e-03  9.77957972e-01 
 5.53978381e-03  9.50000000e-01  5.53978381e-03  9.69178303e-01 
 5.54978381e-03  9.50000000e-01  5.54978381e-03  9.60401861e-01 
 5.55978381e-03  9.50000000e-01  5.55978381e-03  9.51628885e-01 
 5.56978381e-03  9.50000000e-01  5.56978381e-03  9.42859319e-01 
 5.57978381e-03  9.50000000e-01  5.57978381e-03  9.34093264e-01 
 5.58978381e-03  9.50000000e-01  5.58978381e-03  9.25330724e-01 
 5.59978381e-03  9.50000000e-01  5.59978381e-03  9.16571799e-01 
 5.60978381e-03  9.50000000e-01  5.60978381e-03  9.07816392e-01 
 5.61978381e-03  9.50000000e-01  5.61978381e-03  8.99064709e-01 
 5.62978381e-03  9.50000000e-01  5.62978381e-03  8.90316659e-01 
 5.63978381e-03  9.50000000e-01  5.63978381e-03  8.81572347e-01 
 5.64978381e-03  9.50000000e-01  5.64978381e-03  8.72831758e-01 
 5.65978381e-03  9.50000000e-01  5.65978381e-03  8.64095069e-01 
 5.66978381e-03  9.50000000e-01  5.66978381e-03  8.55362200e-01 
 5.67978381e-03  9.50000000e-01  5.67978381e-03  8.46633320e-01 
 5.68978381e-03  9.50000000e-01  5.68978381e-03  8.37908426e-01 
 5.69978381e-03  9.50000000e-01  5.69978381e-03  8.29187658e-01 
 5.70978381e-03  9.50000000e-01  5.70978381e-03  8.20470998e-01 
 5.71978381e-03  9.50000000e-01  5.71978381e-03  8.11758552e-01 
 5.72978381e-03  9.50000000e-01  5.72978381e-03  8.03050439e-01 
 5.73978381e-03  9.50000000e-01  5.73978381e-03  7.94346743e-01 
 5.74978381e-03  9.50000000e-01  5.74978381e-03  7.85647458e-01 
 5.75978381e-03  9.50000000e-01  5.75978381e-03  7.76952785e-01 
 5.76978381e-03  9.50000000e-01  5.76978381e-03  7.68262664e-01 
 5.77978381e-03  9.50000000e-01  5.77978381e-03  7.59577330e-01 
 5.78978381e-03  9.50000000e-01  5.78978381e-03  7.50896757e-01 
 5.79978381e-03  9.50000000e-01  5.79978381e-03  7.42221111e-01 
 5.80978381e-03  9.50000000e-01  5.80978381e-03  7.33550408e-01 
 5.81978381e-03  9.50000000e-01  5.81978381e-03  7.24884789e-01 
 5.82978381e-03  9.50000000e-01  5.82978381e-03  7.16224290e-01 
 5.83978381e-03  9.50000000e-01  5.83978381e-03  7.07568991e-01 
 5.84978381e-03  9.50000000e-01  5.84978381e-03  6.98919008e-01 
 5.85978381e-03  9.50000000e-01  5.85978381e-03  6.90274410e-01 
 5.86978381e-03  9.50000000e-01  5.86978381e-03  6.81635174e-01 
 5.87978381e-03  9.50000000e-01  5.87978381e-03  6.73001491e-01 
 5.88978381e-03  9.50000000e-01  5.88978381e-03  6.64373237e-01 
 5.89978381e-03  9.50000000e-01  5.89978381e-03  6.55750299e-01 
 5.90978381e-03  9.50000000e-01  5.90978381e-03  6.47132280e-01 
 5.91978381e-03  9.50000000e-01  5.91978381e-03  6.38517407e-01 
 5.92978381e-03  9.50000000e-01  5.92978381e-03  6.29896840e-01 
 5.93978381e-03  9.50000000e-01  5.93978381e-03  6.21190727e-01 
 5.94978381e-03  9.50000000e-01  5.94978381e-03  6.12577258e-01 
 5.95978381e-03  9.50000000e-01  5.95978381e-03  6.03936543e-01 
 5.96978381e-03  9.50000000e-01  5.96978381e-03  5.94922054e-01 
 5.97978381e-03  9.50000000e-01  5.97978381e-03  5.85940471e-01 
 5.98978381e-03  9.50000000e-01  5.98978381e-03  5.76813573e-01 
 5.99978381e-03  9.50000000e-01  5.99978381e-03  5.67712101e-01 
 6.00978381e-03  9.50000000e-01  6.00978381e-03  5.58683627e-01 
 6.01978381e-03  9.50000000e-01  6.01978381e-03  5.49939320e-01 
 6.02978381e-03  9.50000000e-01  6.02978381e-03  5.41677714e-01 
 6.03978381e-03  9.50000000e-01  6.03978381e-03  5.34098272e-01 
 6.04978381e-03  9.50000000e-01  6.04978381e-03  5.27281058e-01 
 6.05978381e-03  9.50000000e-01  6.05978381e-03  5.21204460e-01 
 6.06978381e-03  9.50000000e-01  6.06978381e-03  5.15781473e-01 
 6.07978381e-03  9.50000000e-01  6.07978381e-03  5.10923463e-01 
 6.08978381e-03  9.50000000e-01  6.08978381e-03  5.06558374e-01 
 6.09978381e-03  9.50000000e-01  6.09978381e-03  5.02630007e-01 
 6.10978381e-03  9.50000000e-01  6.10978381e-03  4.99088173e-01 
 6.11978381e-03  9.50000000e-01  6.11978381e-03  4.95884787e-01 
 6.12978381e-03  9.50000000e-01  6.12978381e-03  4.92973738e-01 
 6.13978381e-03  9.50000000e-01  6.13978381e-03  4.90311285e-01 
 6.14978381e-03  9.50000000e-01  6.14978381e-03  4.87858156e-01 
 6.15978381e-03  9.50000000e-01  6.15978381e-03  4.85579693e-01 
 6.16978381e-03  9.50000000e-01  6.16978381e-03  4.83446694e-01 
 6.17978381e-03  9.50000000e-01  6.17978381e-03  4.81434672e-01 
 6.18978381e-03  9.50000000e-01  6.18978381e-03  4.79524159e-01 
 6.19978381e-03  9.50000000e-01  6.19978381e-03  4.77699375e-01 
 6.20978381e-03  9.50000000e-01  6.20978381e-03  4.75948031e-01 
 6.21978381e-03  9.50000000e-01  6.21978381e-03  4.74260278e-01 
 6.22978381e-03  9.50000000e-01  6.22978381e-03  4.72628790e-01 
 6.23978381e-03  9.50000000e-01  6.23978381e-03  4.71047490e-01 
 6.24978381e-03  9.50000000e-01  6.24978381e-03  4.69511901e-01 
 6.25978381e-03  9.50000000e-01  6.25978381e-03  4.68018358e-01 
 6.26978381e-03  9.50000000e-01  6.26978381e-03  4.66564011e-01 
 6.27978381e-03  9.50000000e-01  6.27978381e-03  4.65146472e-01 
 6.28978381e-03  9.50000000e-01  6.28978381e-03  4.63764003e-01 
 6.29978381e-03  9.50000000e-01  6.29978381e-03  4.62414914e-01 
 6.30978381e-03  9.50000000e-01  6.30978381e-03  4.61098003e-01 
 6.31978381e-03  9.50000000e-01  6.31978381e-03  4.59811984e-01 
 6.32978381e-03  9.50000000e-01  6.32978381e-03  4.58555992e-01 
 6.33978381e-03  9.50000000e-01  6.33978381e-03  4.57329037e-01 
 6.34978381e-03  9.50000000e-01  6.34978381e-03  4.56130442e-01 
 6.35978381e-03  9.50000000e-01  6.35978381e-03  4.54959300e-01 
 6.36978381e-03  9.50000000e-01  6.36978381e-03  4.53814984e-01 
 6.37978381e-03  9.50000000e-01  6.37978381e-03  4.52696785e-01 
 6.38978381e-03  9.50000000e-01  6.38978381e-03  4.51604160e-01 
 6.39978381e-03  9.50000000e-01  6.39978381e-03  4.50536387e-01 
 6.40978381e-03  9.50000000e-01  6.40978381e-03  4.49492912e-01 
 6.41978381e-03  9.50000000e-01  6.41978381e-03  4.48473164e-01 
 6.42978381e-03  9.50000000e-01  6.42978381e-03  4.47476640e-01 
 6.43978381e-03  9.50000000e-01  6.43978381e-03  4.46502692e-01 
 6.44978381e-03  9.50000000e-01  6.44978381e-03  4.45550883e-01 
 6.45978381e-03  9.50000000e-01  6.45978381e-03  4.44620694e-01 
 6.46978381e-03  9.50000000e-01  6.46978381e-03  4.43711625e-01 
 6.47978381e-03  9.50000000e-01  6.47978381e-03  4.42823116e-01 
 6.48978381e-03  9.50000000e-01  6.48978381e-03  4.41954784e-01 
 6.49978381e-03  9.50000000e-01  6.49978381e-03  4.41106062e-01 
 6.50978381e-03  9.50000000e-01  6.50978381e-03  4.40276597e-01 
 6.51978381e-03  9.50000000e-01  6.51978381e-03  4.39465915e-01 
 6.52978381e-03  9.50000000e-01  6.52978381e-03  4.38673573e-01 
 6.53978381e-03  9.50000000e-01  6.53978381e-03  4.37899137e-01 
 6.54978381e-03  9.50000000e-01  6.54978381e-03  4.37142240e-01 
 6.55978381e-03  9.50000000e-01  6.55978381e-03  4.36402416e-01 
 6.56978381e-03  9.50000000e-01  6.56978381e-03  4.35679299e-01 
 6.57978381e-03  9.50000000e-01  6.57978381e-03  4.34972490e-01 
 6.58978381e-03  9.50000000e-01  6.58978381e-03  4.34281653e-01 
 6.59978381e-03  9.50000000e-01  6.59978381e-03  4.33606370e-01 
 6.60978381e-03  9.50000000e-01  6.60978381e-03  4.32946367e-01 
 6.61978381e-03  9.50000000e-01  6.61978381e-03  4.32301193e-01 
 6.62978381e-03  9.50000000e-01  6.62978381e-03  4.31670539e-01 
 6.63978381e-03  9.50000000e-01  6.63978381e-03  4.31054104e-01 
 6.64978381e-03  9.50000000e-01  6.64978381e-03  4.30451568e-01 
 6.65978381e-03  9.50000000e-01  6.65978381e-03  4.29862554e-01 
 6.66978381e-03  9.50000000e-01  6.66978381e-03  4.29286827e-01 
 6.67978381e-03  9.50000000e-01  6.67978381e-03  4.28723999e-01 
 6.68978381e-03  9.50000000e-01  6.68978381e-03  4.28173826e-01 
 6.69978381e-03  9.50000000e-01  6.69978381e-03  4.27636051e-01 
 6.70978381e-03  9.50000000e-01  6.70978381e-03  4.27110318e-01 
 6.71978381e-03  9.50000000e-01  6.71978381e-03  4.26596372e-01 
 6.72978381e-03  9.50000000e-01  6.72978381e-03  4.26094011e-01 
 6.73978381e-03  9.50000000e-01  6.73978381e-03  4.25602867e-01 
 6.74978381e-03  9.50000000e-01  6.74978381e-03  4.25122767e-01 
 6.75978381e-03  9.50000000e-01  6.75978381e-03  4.24653419e-01 
 6.76978381e-03  9.50000000e-01  6.76978381e-03  4.24194598e-01 
 6.77978381e-03  9.50000000e-01  6.77978381e-03  4.23746052e-01 
 6.78978381e-03  9.50000000e-01  6.78978381e-03  4.23307553e-01 
 6.79978381e-03  9.50000000e-01  6.79978381e-03  4.22878871e-01 
 6.80978381e-03  9.50000000e-01  6.80978381e-03  4.22459814e-01 
 6.81978381e-03  9.50000000e-01  6.81978381e-03  4.22050085e-01 
 6.82978381e-03  9.50000000e-01  6.82978381e-03  4.21649534e-01 
 6.83978381e-03  9.50000000e-01  6.83978381e-03  4.21257966e-01 
 6.84978381e-03  9.50000000e-01  6.84978381e-03  4.20875132e-01 
 6.85978381e-03  9.50000000e-01  6.85978381e-03  4.20500859e-01 
 6.86978381e-03  9.50000000e-01  6.86978381e-03  4.20134967e-01 
 6.87978381e-03  9.50000000e-01  6.87978381e-03  4.19777236e-01 
 6.88978381e-03  9.50000000e-01  6.88978381e-03  4.19427482e-01 
 6.89978381e-03  9.50000000e-01  6.89978381e-03  4.19085536e-01 
 6.90978381e-03  9.50000000e-01  6.90978381e-03  4.18751274e-01 
 6.91978381e-03  9.50000000e-01  6.91978381e-03  4.18424407e-01 
 6.92978381e-03  9.50000000e-01  6.92978381e-03  4.18104874e-01 
 6.93978381e-03  9.50000000e-01  6.93978381e-03  4.17792475e-01 
 6.94978381e-03  9.50000000e-01  6.94978381e-03  4.17487017e-01 
 6.95978381e-03  9.50000000e-01  6.95978381e-03  4.17188370e-01 
 6.96978381e-03  9.50000000e-01  6.96978381e-03  4.16896388e-01 
 6.97978381e-03  9.50000000e-01  6.97978381e-03  4.16610901e-01 
 6.98978381e-03  9.50000000e-01  6.98978381e-03  4.16331786e-01 
 6.99978381e-03  9.50000000e-01  6.99978381e-03  4.16058907e-01 
 7.00978381e-03  9.50000000e-01  7.00978381e-03  4.15792103e-01 
 7.01978381e-03  9.50000000e-01  7.01978381e-03  4.15531227e-01 
 7.02978381e-03  9.50000000e-01  7.02978381e-03  4.15276167e-01 
 7.03978381e-03  9.50000000e-01  7.03978381e-03  4.15026768e-01 
 7.04978381e-03  9.50000000e-01  7.04978381e-03  4.14782927e-01 
 7.05978381e-03  9.50000000e-01  7.05978381e-03  4.14544529e-01 
 7.06978381e-03  9.50000000e-01  7.06978381e-03  4.14311427e-01 
 7.07978381e-03  9.50000000e-01  7.07978381e-03  4.14083498e-01 
 7.08978381e-03  9.50000000e-01  7.08978381e-03  4.13860675e-01 
 7.09978381e-03  9.50000000e-01  7.09978381e-03  4.13642774e-01 
 7.10978381e-03  9.50000000e-01  7.10978381e-03  4.13429728e-01 
 7.11978381e-03  9.50000000e-01  7.11978381e-03  4.13221430e-01 
 7.12978381e-03  9.50000000e-01  7.12978381e-03  4.13017752e-01 
 7.13978381e-03  9.50000000e-01  7.13978381e-03  4.12818586e-01 
 7.14978381e-03  9.50000000e-01  7.14978381e-03  4.12623878e-01 
 7.15978381e-03  9.50000000e-01  7.15978381e-03  4.12433464e-01 
 7.16978381e-03  9.50000000e-01  7.16978381e-03  4.12247286e-01 
 7.17978381e-03  9.50000000e-01  7.17978381e-03  4.12065255e-01 
 7.18978381e-03  9.50000000e-01  7.18978381e-03  4.11887286e-01 
 7.19978381e-03  9.50000000e-01  7.19978381e-03  4.11713240e-01 
 7.20978381e-03  9.50000000e-01  7.20978381e-03  4.11543060e-01 
 7.21978381e-03  9.50000000e-01  7.21978381e-03  4.11376670e-01 
 7.22978381e-03  9.50000000e-01  7.22978381e-03  4.11213956e-01 
 7.23978381e-03  9.50000000e-01  7.23978381e-03  4.11054875e-01 
 7.24978381e-03  9.50000000e-01  7.24978381e-03  4.10899335e-01 
 7.25978381e-03  9.50000000e-01  7.25978381e-03  4.10747220e-01 
 7.26978381e-03  9.50000000e-01  7.26978381e-03  4.10598476e-01 
 7.27978381e-03  9.50000000e-01  7.27978381e-03  4.10453046e-01 
 7.28978381e-03  9.50000000e-01  7.28978381e-03  4.10310855e-01 
 7.29978381e-03  9.50000000e-01  7.29978381e-03  4.10171790e-01 
 7.30978381e-03  9.50000000e-01  7.30978381e-03  4.10035804e-01 
 7.31978381e-03  9.50000000e-01  7.31978381e-03  4.09902881e-01 
 7.32978381e-03  9.50000000e-01  7.32978381e-03  4.09772868e-01 
 7.33978381e-03  9.50000000e-01  7.33978381e-03  4.09645730e-01 
 7.34978381e-03  9.50000000e-01  7.34978381e-03  4.09521463e-01 
 7.35978381e-03  9.50000000e-01  7.35978381e-03  4.09399904e-01 
 7.36978381e-03  9.50000000e-01  7.36978381e-03  4.09281041e-01 
 7.37978381e-03  9.50000000e-01  7.37978381e-03  4.09164820e-01 
 7.38978381e-03  9.50000000e-01  7.38978381e-03  4.09051187e-01 
 7.39978381e-03  9.50000000e-01  7.39978381e-03  4.08940076e-01 
 7.40978381e-03  9.50000000e-01  7.40978381e-03  4.08831405e-01 
 7.41978381e-03  9.50000000e-01  7.41978381e-03  4.08725159e-01 
 7.42978381e-03  9.50000000e-01  7.42978381e-03  4.08621272e-01 
 7.43978381e-03  9.50000000e-01  7.43978381e-03  4.08519659e-01 
 7.44978381e-03  9.50000000e-01  7.44978381e-03  4.08420321e-01 
 7.45978381e-03  9.50000000e-01  7.45978381e-03  4.08323181e-01 
 7.46978381e-03  9.50000000e-01  7.46978381e-03  4.08228171e-01 
 7.47978381e-03  9.50000000e-01  7.47978381e-03  4.08135282e-01 
 7.48978381e-03  9.50000000e-01  7.48978381e-03  4.08044455e-01 
 7.49978381e-03  9.50000000e-01  7.49978381e-03  4.07955609e-01 
 7.50978381e-03  9.50000000e-01  7.50978381e-03  4.07868755e-01 
 7.51978381e-03  9.50000000e-01  7.51978381e-03  4.07783820e-01 
 7.52978381e-03  9.50000000e-01  7.52978381e-03  4.07700778e-01 
 7.53978381e-03  9.50000000e-01  7.53978381e-03  4.07619575e-01 
 7.54978381e-03  9.50000000e-01  7.54978381e-03  4.07540145e-01 
 7.55978381e-03  9.50000000e-01  7.55978381e-03  4.07462489e-01 
 7.56978381e-03  9.50000000e-01  7.56978381e-03  4.07386555e-01 
 7.57978381e-03  9.50000000e-01  7.57978381e-03  4.07312272e-01 
 7.58978381e-03  9.50000000e-01  7.58978381e-03  4.07239655e-01 
 7.59978381e-03  9.50000000e-01  7.59978381e-03  4.07168675e-01 
 7.60978381e-03  9.50000000e-01  7.60978381e-03  4.07099228e-01 
 7.61978381e-03  9.50000000e-01  7.61978381e-03  4.07031305e-01 
 7.62978381e-03  9.50000000e-01  7.62978381e-03  4.06964932e-01 
 7.63978381e-03  9.50000000e-01  7.63978381e-03  4.06900013e-01 
 7.64978381e-03  9.50000000e-01  7.64978381e-03  4.06836510e-01 
 7.65978381e-03  9.50000000e-01  7.65978381e-03  4.06774424e-01 
 7.66978381e-03  9.50000000e-01  7.66978381e-03  4.06713715e-01 
 7.67978381e-03  9.50000000e-01  7.67978381e-03  4.06654319e-01 
 7.68978381e-03  9.50000000e-01  7.68978381e-03  4.06596257e-01 
 7.69978381e-03  9.50000000e-01  7.69978381e-03  4.06539508e-01 
 7.70978381e-03  9.50000000e-01  7.70978381e-03  4.06483976e-01 
 7.71978381e-03  9.50000000e-01  7.71978381e-03  4.06429692e-01 
 7.72978381e-03  9.50000000e-01  7.72978381e-03  4.06376607e-01 
 7.73978381e-03  9.50000000e-01  7.73978381e-03  4.06324666e-01 
 7.74978381e-03  9.50000000e-01  7.74978381e-03  4.06273927e-01 
 7.75978381e-03  9.50000000e-01  7.75978381e-03  4.06224291e-01 
 7.76978381e-03  9.50000000e-01  7.76978381e-03  4.06175733e-01 
 7.77978381e-03  9.50000000e-01  7.77978381e-03  4.06128260e-01 
 7.78978381e-03  9.50000000e-01  7.78978381e-03  4.06081838e-01 
 7.79978381e-03  9.50000000e-01  7.79978381e-03  4.06036446e-01 
 7.80978381e-03  9.50000000e-01  7.80978381e-03  4.05992061e-01 
 7.81978381e-03  9.50000000e-01  7.81978381e-03  4.05948625e-01 
 7.82978381e-03  9.50000000e-01  7.82978381e-03  4.05906169e-01 
 7.83978381e-03  9.50000000e-01  7.83978381e-03  4.05864680e-01 
 7.84978381e-03  9.50000000e-01  7.84978381e-03  4.05824068e-01 
 7.85978381e-03  9.50000000e-01  7.85978381e-03  4.05784373e-01 
 7.86978381e-03  9.50000000e-01  7.86978381e-03  4.05745552e-01 
 7.87978381e-03  9.50000000e-01  7.87978381e-03  4.05707594e-01 
 7.88978381e-03  9.50000000e-01  7.88978381e-03  4.05670478e-01 
 7.89978381e-03  9.50000000e-01  7.89978381e-03  4.05634149e-01 
 7.90978381e-03  9.50000000e-01  7.90978381e-03  4.05598676e-01 
 7.91978381e-03  9.50000000e-01  7.91978381e-03  4.05563967e-01 
 7.92978381e-03  9.50000000e-01  7.92978381e-03  4.05530004e-01 
 7.93978381e-03  9.50000000e-01  7.93978381e-03  4.05496802e-01 
 7.94978381e-03  9.50000000e-01  7.94978381e-03  4.05464334e-01 
 7.95978381e-03  9.50000000e-01  7.95978381e-03  4.05432587e-01 
 7.96978381e-03  9.50000000e-01  7.96978381e-03  4.05401544e-01 
 7.97978381e-03  9.50000000e-01  7.97978381e-03  4.05371188e-01 
 7.98978381e-03  9.50000000e-01  7.98978381e-03  4.05341505e-01 
 7.99978381e-03  9.50000000e-01  7.99978381e-03  4.05312479e-01 
 8.00978381e-03  9.50000000e-01  8.00978381e-03  4.05284098e-01 
 8.01978381e-03  9.50000000e-01  8.01978381e-03  4.05256311e-01 
 8.02978381e-03  9.50000000e-01  8.02978381e-03  4.05229155e-01 
 8.03978381e-03  9.50000000e-01  8.03978381e-03  4.05202628e-01 
 8.04978381e-03  9.50000000e-01  8.04978381e-03  4.05176645e-01 
 8.05978381e-03  9.50000000e-01  8.05978381e-03  4.05151255e-01 
 8.06978381e-03  9.50000000e-01  8.06978381e-03  4.05126455e-01 
 8.07978381e-03  9.50000000e-01  8.07978381e-03  4.05102159e-01 
 8.08978381e-03  9.50000000e-01  8.08978381e-03  4.05078421e-01 
 8.09978381e-03  9.50000000e-01  8.09978381e-03  4.05055199e-01 
 8.10978381e-03  9.50000000e-01  8.10978381e-03  4.05032498e-01 
 8.11978381e-03  9.50000000e-01  8.11978381e-03  4.05010296e-01 
 8.12978381e-03  9.50000000e-01  8.12978381e-03  4.04988555e-01 
 8.13978381e-03  9.50000000e-01  8.13978381e-03  4.04967342e-01 
 8.14978381e-03  9.50000000e-01  8.14978381e-03  4.04946581e-01 
 8.15978381e-03  9.50000000e-01  8.15978381e-03  4.04926253e-01 
 8.16978381e-03  9.50000000e-01  8.16978381e-03  4.04906420e-01 
 8.17978381e-03  9.50000000e-01  8.17978381e-03  4.04887008e-01 
 8.18978381e-03  9.50000000e-01  8.18978381e-03  4.04868001e-01 
 8.19978381e-03  9.50000000e-01  8.19978381e-03  4.04849424e-01 
 8.20978381e-03  9.50000000e-01  8.20978381e-03  4.04831256e-01 
 8.21978381e-03  9.50000000e-01  8.21978381e-03  4.04813492e-01 
 8.22978381e-03  9.50000000e-01  8.22978381e-03  4.04796121e-01 
 8.23978381e-03  9.50000000e-01  8.23978381e-03  4.04779169e-01 
 8.24978381e-03  9.50000000e-01  8.24978381e-03  4.04762578e-01 
 8.25978381e-03  9.50000000e-01  8.25978381e-03  4.04746325e-01 
 8.26978381e-03  9.50000000e-01  8.26978381e-03  4.04730445e-01 
 8.27978381e-03  9.50000000e-01  8.27978381e-03  4.04714911e-01 
 8.28978381e-03  9.50000000e-01  8.28978381e-03  4.04699725e-01 
 8.29978381e-03  9.50000000e-01  8.29978381e-03  4.04684874e-01 
 8.30978381e-03  9.50000000e-01  8.30978381e-03  4.04670319e-01 
 8.31978381e-03  9.50000000e-01  8.31978381e-03  4.04656100e-01 
 8.32978381e-03  9.50000000e-01  8.32978381e-03  4.04642225e-01 
 8.33978381e-03  9.50000000e-01  8.33978381e-03  4.04628646e-01 
 8.34978381e-03  9.50000000e-01  8.34978381e-03  4.04615372e-01 
 8.35978381e-03  9.50000000e-01  8.35978381e-03  4.04602388e-01 
 8.36978381e-03  9.50000000e-01  8.36978381e-03  4.04589694e-01 
 8.37978381e-03  9.50000000e-01  8.37978381e-03  4.04577246e-01 
 8.38978381e-03  9.50000000e-01  8.38978381e-03  4.04565089e-01 
 8.39978381e-03  9.50000000e-01  8.39978381e-03  4.04553229e-01 
 8.40978381e-03  9.50000000e-01  8.40978381e-03  4.04541622e-01 
 8.41978381e-03  9.50000000e-01  8.41978381e-03  4.04530240e-01 
 8.42978381e-03  9.50000000e-01  8.42978381e-03  4.04519124e-01 
 8.43978381e-03  9.50000000e-01  8.43978381e-03  4.04508282e-01 
 8.44978381e-03  9.50000000e-01  8.44978381e-03  4.04497636e-01 
 8.45978381e-03  9.50000000e-01  8.45978381e-03  4.04487244e-01 
 8.46978381e-03  9.50000000e-01  8.46978381e-03  4.04477108e-01 
 8.47978381e-03  9.50000000e-01  8.47978381e-03  4.04467152e-01 
 8.48978381e-03  9.50000000e-01  8.48978381e-03  4.04457435e-01 
 8.49978381e-03  9.50000000e-01  8.49978381e-03  4.04447959e-01 
 8.50978381e-03  9.50000000e-01  8.50978381e-03  4.04438649e-01 
 8.51978381e-03  9.50000000e-01  8.51978381e-03  4.04429562e-01 
 8.52978381e-03  9.50000000e-01  8.52978381e-03  4.04420670e-01 
 8.53978381e-03  9.50000000e-01  8.53978381e-03  4.04411979e-01 
 8.54978381e-03  9.50000000e-01  8.54978381e-03  4.04403478e-01 
 8.55978381e-03  9.50000000e-01  8.55978381e-03  4.04395166e-01 
 8.56978381e-03  9.50000000e-01  8.56978381e-03  4.04387039e-01 
 8.57978381e-03  9.50000000e-01  8.57978381e-03  4.04379091e-01 
 8.58978381e-03  9.50000000e-01  8.58978381e-03  4.04371319e-01 
 8.59978381e-03  9.50000000e-01  8.59978381e-03  4.04363719e-01 
 8.60978381e-03  9.50000000e-01  8.60978381e-03  4.04356288e-01 
 8.61978381e-03  9.50000000e-01  8.61978381e-03  4.04349021e-01 
 8.62978381e-03  9.50000000e-01  8.62978381e-03  4.04341915e-01 
 8.63978381e-03  9.50000000e-01  8.63978381e-03  4.04334966e-01 
 8.64978381e-03  9.50000000e-01  8.64978381e-03  4.04328172e-01 
 8.65978381e-03  9.50000000e-01  8.65978381e-03  4.04321493e-01 
 8.66978381e-03  9.50000000e-01  8.66978381e-03  4.04315012e-01 
 8.67978381e-03  9.50000000e-01  8.67978381e-03  4.04308653e-01 
 8.68978381e-03  9.50000000e-01  8.68978381e-03  4.04302445e-01 
 8.69978381e-03  9.50000000e-01  8.69978381e-03  4.04296368e-01 
 8.70978381e-03  9.50000000e-01  8.70978381e-03  4.04290396e-01 
 8.71978381e-03  9.50000000e-01  8.71978381e-03  4.04284602e-01 
 8.72978381e-03  9.50000000e-01  8.72978381e-03  4.04278917e-01 
 8.73978381e-03  9.50000000e-01  8.73978381e-03  4.04273367e-01 
 8.74978381e-03  9.50000000e-01  8.74978381e-03  4.04267934e-01 
 8.75978381e-03  9.50000000e-01  8.75978381e-03  4.04262591e-01 
 8.76978381e-03  9.50000000e-01  8.76978381e-03  4.04257413e-01 
 8.77978381e-03  9.50000000e-01  8.77978381e-03  4.04252330e-01 
 8.78978381e-03  9.50000000e-01  8.78978381e-03  4.04247335e-01 
 8.79978381e-03  9.50000000e-01  8.79978381e-03  4.04242493e-01 
 8.80978381e-03  9.50000000e-01  8.80978381e-03  4.04237742e-01 
 8.81978381e-03  9.50000000e-01  8.81978381e-03  4.04233069e-01 
 8.82978381e-03  9.50000000e-01  8.82978381e-03  4.04228510e-01 
 8.83978381e-03  9.50000000e-01  8.83978381e-03  4.04224082e-01 
 8.84978381e-03  9.50000000e-01  8.84978381e-03  4.04219740e-01 
 8.85978381e-03  9.50000000e-01  8.85978381e-03  4.04215465e-01 
 8.86978381e-03  9.50000000e-01  8.86978381e-03  4.04211297e-01 
 8.87978381e-03  9.50000000e-01  8.87978381e-03  4.04207250e-01 
 8.88978381e-03  9.50000000e-01  8.88978381e-03  4.04203281e-01 
 8.89978381e-03  9.50000000e-01  8.89978381e-03  4.04199370e-01 
 8.90978381e-03  9.50000000e-01  8.90978381e-03  4.04195558e-01 
 8.91978381e-03  9.50000000e-01  8.91978381e-03  4.04191859e-01 
 8.92978381e-03  9.50000000e-01  8.92978381e-03  4.04188231e-01 
 8.93978381e-03  9.50000000e-01  8.93978381e-03  4.04184654e-01 
 8.94978381e-03  9.50000000e-01  8.94978381e-03  4.04181167e-01 
 8.95978381e-03  9.50000000e-01  8.95978381e-03  4.04177787e-01 
 8.96978381e-03  9.50000000e-01  8.96978381e-03  4.04174471e-01 
 8.97978381e-03  9.50000000e-01  8.97978381e-03  4.04171198e-01 
 8.98978381e-03  9.50000000e-01  8.98978381e-03  4.04168009e-01 
 8.99978381e-03  9.50000000e-01  8.99978381e-03  4.04164887e-01 
 9.00978381e-03  9.50000000e-01  9.00978381e-03  4.04161871e-01 
 9.01978381e-03  9.50000000e-01  9.01978381e-03  4.04158905e-01 
 9.02978381e-03  9.50000000e-01  9.02978381e-03  4.04155977e-01 
 9.03978381e-03  9.50000000e-01  9.03978381e-03  4.04153125e-01 
 9.04978381e-03  9.50000000e-01  9.04978381e-03  4.04150333e-01 
 9.05978381e-03  9.50000000e-01  9.05978381e-03  4.04147605e-01 
 9.06978381e-03  9.50000000e-01  9.06978381e-03  4.04144970e-01 
 9.07978381e-03  9.50000000e-01  9.07978381e-03  4.04142379e-01 
 9.08978381e-03  9.50000000e-01  9.08978381e-03  4.04139817e-01 
 9.09978381e-03  9.50000000e-01  9.09978381e-03  4.04137323e-01 
 9.10978381e-03  9.50000000e-01  9.10978381e-03  4.04134881e-01 
 9.11978381e-03  9.50000000e-01  9.11978381e-03  4.04132495e-01 
 9.12978381e-03  9.50000000e-01  9.12978381e-03  4.04130194e-01 
 9.13978381e-03  9.50000000e-01  9.13978381e-03  4.04127930e-01 
 9.14978381e-03  9.50000000e-01  9.14978381e-03  4.04125688e-01 
 9.15978381e-03  9.50000000e-01  9.15978381e-03  4.04123507e-01 
 9.16978381e-03  9.50000000e-01  9.16978381e-03  4.04121370e-01 
 9.17978381e-03  9.50000000e-01  9.17978381e-03  4.04119283e-01 
 9.18978381e-03  9.50000000e-01  9.18978381e-03  4.04117242e-01 
 9.19978381e-03  9.50000000e-01  9.19978381e-03  4.04115279e-01 
 9.20978381e-03  9.50000000e-01  9.20978381e-03  4.04113346e-01 
 9.21978381e-03  9.50000000e-01  9.21978381e-03  4.04111426e-01 
 9.22978381e-03  9.50000000e-01  9.22978381e-03  4.04109561e-01 
 9.23978381e-03  9.50000000e-01  9.23978381e-03  4.04107733e-01 
 9.24978381e-03  9.50000000e-01  9.24978381e-03  4.04105948e-01 
 9.25978381e-03  9.50000000e-01  9.25978381e-03  4.04104201e-01 
 9.26978381e-03  9.50000000e-01  9.26978381e-03  4.04102494e-01 
 9.27978381e-03  9.50000000e-01  9.27978381e-03  4.04100825e-01 
 9.28978381e-03  9.50000000e-01  9.28978381e-03  4.04099226e-01 
 9.29978381e-03  9.50000000e-01  9.29978381e-03  4.04097647e-01 
 9.30978381e-03  9.50000000e-01  9.30978381e-03  4.04096076e-01 
 9.31978381e-03  9.50000000e-01  9.31978381e-03  4.04094550e-01 
 9.32978381e-03  9.50000000e-01  9.32978381e-03  4.04093055e-01 
 9.33978381e-03  9.50000000e-01  9.33978381e-03  4.04091594e-01 
 9.34978381e-03  9.50000000e-01  9.34978381e-03  4.04090166e-01 
 9.35978381e-03  9.50000000e-01  9.35978381e-03  4.04088769e-01 
 9.36978381e-03  9.50000000e-01  9.36978381e-03  4.04087403e-01 
 9.37978381e-03  9.50000000e-01  9.37978381e-03  4.04086068e-01 
 9.38978381e-03  9.50000000e-01  9.38978381e-03  4.04084762e-01 
 9.39978381e-03  9.50000000e-01  9.39978381e-03  4.04083519e-01 
 9.40978381e-03  9.50000000e-01  9.40978381e-03  4.04082288e-01 
 9.41978381e-03  9.50000000e-01  9.41978381e-03  4.04081056e-01 
 9.42978381e-03  9.50000000e-01  9.42978381e-03  4.04079863e-01 
 9.43978381e-03  9.50000000e-01  9.43978381e-03  4.04078693e-01 
 9.44978381e-03  9.50000000e-01  9.44978381e-03  4.04077551e-01 
 9.45978381e-03  9.50000000e-01  9.45978381e-03  4.04076433e-01 
 9.46978381e-03  9.50000000e-01  9.46978381e-03  4.04075340e-01 
 9.47978381e-03  9.50000000e-01  9.47978381e-03  4.04074272e-01 
 9.48978381e-03  9.50000000e-01  9.48978381e-03  4.04073227e-01 
 9.49978381e-03  9.50000000e-01  9.49978381e-03  4.04072205e-01 
 9.50978381e-03  9.50000000e-01  9.50978381e-03  4.04071206e-01 
 9.51978381e-03  9.50000000e-01  9.51978381e-03  4.04070229e-01 
 9.52978381e-03  9.50000000e-01  9.52978381e-03  4.04069274e-01 
 9.53978381e-03  9.50000000e-01  9.53978381e-03  4.04068340e-01 
 9.54978381e-03  9.50000000e-01  9.54978381e-03  4.04067460e-01 
 9.55978381e-03  9.50000000e-01  9.55978381e-03  4.04066585e-01 
 9.56978381e-03  9.50000000e-01  9.56978381e-03  4.04065701e-01 
 9.57978381e-03  9.50000000e-01  9.57978381e-03  4.04064848e-01 
 9.58978381e-03  9.50000000e-01  9.58978381e-03  4.04064009e-01 
 9.59978381e-03  9.50000000e-01  9.59978381e-03  4.04063192e-01 
 9.60978381e-03  9.50000000e-01  9.60978381e-03  4.04062392e-01 
 9.61978381e-03  9.50000000e-01  9.61978381e-03  4.04061611e-01 
 9.62978381e-03  9.50000000e-01  9.62978381e-03  4.04060846e-01 
 9.63978381e-03  9.50000000e-01  9.63978381e-03  4.04060098e-01 
 9.64978381e-03  9.50000000e-01  9.64978381e-03  4.04059367e-01 
 9.65978381e-03  9.50000000e-01  9.65978381e-03  4.04058653e-01 
 9.66978381e-03  9.50000000e-01  9.66978381e-03  4.04057954e-01 
 9.67978381e-03  9.50000000e-01  9.67978381e-03  4.04057270e-01 
 9.68978381e-03  9.50000000e-01  9.68978381e-03  4.04056602e-01 
 9.69978381e-03  9.50000000e-01  9.69978381e-03  4.04055948e-01 
 9.70978381e-03  9.50000000e-01  9.70978381e-03  4.04055309e-01 
 9.71978381e-03  9.50000000e-01  9.71978381e-03  4.04054684e-01 
 9.72978381e-03  9.50000000e-01  9.72978381e-03  4.04054073e-01 
 9.73978381e-03  9.50000000e-01  9.73978381e-03  4.04053475e-01 
 9.74978381e-03  9.50000000e-01  9.74978381e-03  4.04052891e-01 
 9.75978381e-03  9.50000000e-01  9.75978381e-03  4.04052319e-01 
 9.76978381e-03  9.50000000e-01  9.76978381e-03  4.04051794e-01 
 9.77978381e-03  9.50000000e-01  9.77978381e-03  4.04051266e-01 
 9.78978381e-03  9.50000000e-01  9.78978381e-03  4.04050721e-01 
 9.79978381e-03  9.50000000e-01  9.79978381e-03  4.04050199e-01 
 9.80978381e-03  9.50000000e-01  9.80978381e-03  4.04049685e-01 
 9.81978381e-03  9.50000000e-01  9.81978381e-03  4.04049185e-01 
 9.82978381e-03  9.50000000e-01  9.82978381e-03  4.04048695e-01 
 9.83978381e-03  9.50000000e-01  9.83978381e-03  4.04048217e-01 
 9.84978381e-03  9.50000000e-01  9.84978381e-03  4.04047749e-01 
 9.85978381e-03  9.50000000e-01  9.85978381e-03  4.04047291e-01 
 9.86978381e-03  9.50000000e-01  9.86978381e-03  4.04046843e-01 
 9.87978381e-03  9.50000000e-01  9.87978381e-03  4.04046406e-01 
 9.88978381e-03  9.50000000e-01  9.88978381e-03  4.04045978e-01 
 9.89978381e-03  9.50000000e-01  9.89978381e-03  4.04045559e-01 
 9.90978381e-03  9.50000000e-01  9.90978381e-03  4.04045150e-01 
 9.91978381e-03  9.50000000e-01  9.91978381e-03  4.04044750e-01 
 9.92978381e-03  9.50000000e-01  9.92978381e-03  4.04044359e-01 
 9.93978381e-03  9.50000000e-01  9.93978381e-03  4.04043976e-01 
 9.94978381e-03  9.50000000e-01  9.94978381e-03  4.04043602e-01 
 9.95978381e-03  9.50000000e-01  9.95978381e-03  4.04043236e-01 
 9.96978381e-03  9.50000000e-01  9.96978381e-03  4.04042879e-01 
 9.97978381e-03  9.50000000e-01  9.97978381e-03  4.04042529e-01 
 9.98978381e-03  9.50000000e-01  9.98978381e-03  4.04042187e-01 
 9.99978381e-03  9.50000000e-01  9.99978381e-03  4.04041852e-01 
 1.00097838e-02  9.50000000e-01  1.00097838e-02  4.04041525e-01 
 1.00100000e-02  9.50000000e-01  1.00100000e-02  4.04041515e-01 
 1.00104324e-02  9.45676197e-01  1.00104324e-02  4.04040787e-01 
 1.00112971e-02  9.37028592e-01  1.00112971e-02  4.04036889e-01 
 1.00130267e-02  9.19733380e-01  1.00130267e-02  4.04007067e-01 
 1.00164857e-02  8.85142958e-01  1.00164857e-02  4.03837699e-01 
 1.00200000e-02  8.50000000e-01  1.00200000e-02  4.03554624e-01 
 1.00204446e-02  8.50000000e-01  1.00204446e-02  4.03515984e-01 
 1.00213337e-02  8.50000000e-01  1.00213337e-02  4.03443688e-01 
 1.00231120e-02  8.50000000e-01  1.00231120e-02  4.03350308e-01 
 1.00266685e-02  8.50000000e-01  1.00266685e-02  4.03510799e-01 
 1.00337816e-02  8.50000000e-01  1.00337816e-02  4.05507477e-01 
 1.00418296e-02  8.50000000e-01  1.00418296e-02  4.10109456e-01 
 1.00518296e-02  8.50000000e-01  1.00518296e-02  4.18234402e-01 
 1.00618296e-02  8.50000000e-01  1.00618296e-02  4.28448745e-01 
 1.00718296e-02  8.50000000e-01  1.00718296e-02  4.40376732e-01 
 1.00818296e-02  8.50000000e-01  1.00818296e-02  4.53456197e-01 
 1.00918296e-02  8.50000000e-01  1.00918296e-02  4.67153733e-01 
 1.01018296e-02  8.50000000e-01  1.01018296e-02  4.81103371e-01 
 1.01118296e-02  8.50000000e-01  1.01118296e-02  4.95100035e-01 
 1.01218296e-02  8.50000000e-01  1.01218296e-02  5.09057102e-01 
 1.01318296e-02  8.50000000e-01  1.01318296e-02  5.22942451e-01 
 1.01418296e-02  8.50000000e-01  1.01418296e-02  5.36746081e-01 
 1.01518296e-02  8.50000000e-01  1.01518296e-02  5.50463782e-01 
 1.01618296e-02  8.50000000e-01  1.01618296e-02  5.64093155e-01 
 1.01718296e-02  8.50000000e-01  1.01718296e-02  5.77631739e-01 
 1.01818296e-02  8.50000000e-01  1.01818296e-02  5.91076992e-01 
 1.01918296e-02  8.50000000e-01  1.01918296e-02  6.04426336e-01 
 1.02018296e-02  8.50000000e-01  1.02018296e-02  6.17677069e-01 
 1.02118296e-02  8.50000000e-01  1.02118296e-02  6.30826303e-01 
 1.02218296e-02  8.50000000e-01  1.02218296e-02  6.43871329e-01 
 1.02318296e-02  8.50000000e-01  1.02318296e-02  6.56809400e-01 
 1.02418296e-02  8.50000000e-01  1.02418296e-02  6.69637741e-01 
 1.02518296e-02  8.50000000e-01  1.02518296e-02  6.82353640e-01 
 1.02618296e-02  8.50000000e-01  1.02618296e-02  6.94954480e-01 
 1.02718296e-02  8.50000000e-01  1.02718296e-02  7.07437641e-01 
 1.02818296e-02  8.50000000e-01  1.02818296e-02  7.19800612e-01 
 1.02918296e-02  8.50000000e-01  1.02918296e-02  7.32041014e-01 
 1.03018296e-02  8.50000000e-01  1.03018296e-02  7.44156532e-01 
 1.03118296e-02  8.50000000e-01  1.03118296e-02  7.56145016e-01 
 1.03218296e-02  8.50000000e-01  1.03218296e-02  7.68004272e-01 
 1.03318296e-02  8.50000000e-01  1.03318296e-02  7.79732304e-01 
 1.03418296e-02  8.50000000e-01  1.03418296e-02  7.91327243e-01 
 1.03518296e-02  8.50000000e-01  1.03518296e-02  8.02787332e-01 
 1.03618296e-02  8.50000000e-01  1.03618296e-02  8.14110981e-01 
 1.03718296e-02  8.50000000e-01  1.03718296e-02  8.25296577e-01 
 1.03818296e-02  8.50000000e-01  1.03818296e-02  8.36342710e-01 
 1.03918296e-02  8.50000000e-01  1.03918296e-02  8.47248177e-01 
 1.04018296e-02  8.50000000e-01  1.04018296e-02  8.58011784e-01 
 1.04118296e-02  8.50000000e-01  1.04118296e-02  8.68632517e-01 
 1.04218296e-02  8.50000000e-01  1.04218296e-02  8.79109398e-01 
 1.04318296e-02  8.50000000e-01  1.04318296e-02  8.89441630e-01 
 1.04418296e-02  8.50000000e-01  1.04418296e-02  8.99628688e-01 
 1.04518296e-02  8.50000000e-01  1.04518296e-02  9.09669887e-01 
 1.04618296e-02  8.50000000e-01  1.04618296e-02  9.19564758e-01 
 1.04718296e-02  8.50000000e-01  1.04718296e-02  9.29313156e-01 
 1.04818296e-02  8.50000000e-01  1.04818296e-02  9.38914799e-01 
 1.04918296e-02  8.50000000e-01  1.04918296e-02  9.48369588e-01 
 1.05018296e-02  8.50000000e-01  1.05018296e-02  9.57677566e-01 
 1.05118296e-02  8.50000000e-01  1.05118296e-02  9.66838812e-01 
 1.05218296e-02  8.50000000e-01  1.05218296e-02  9.75853611e-01 
 1.05318296e-02  8.50000000e-01  1.05318296e-02  9.84722352e-01 
 1.05418296e-02  8.50000000e-01  1.05418296e-02  9.93445444e-01 
 1.05518296e-02  8.50000000e-01  1.05518296e-02  1.00202331e+00 
 1.05618296e-02  8.50000000e-01  1.05618296e-02  1.01045666e+00 
 1.05718296e-02  8.50000000e-01  1.05718296e-02  1.01874624e+00 
 1.05818296e-02  8.50000000e-01  1.05818296e-02  1.02689282e+00 
 1.05918296e-02  8.50000000e-01  1.05918296e-02  1.03489723e+00 
 1.06018296e-02  8.50000000e-01  1.06018296e-02  1.04276046e+00 
 1.06118296e-02  8.50000000e-01  1.06118296e-02  1.05048353e+00 
 1.06218296e-02  8.50000000e-01  1.06218296e-02  1.05806748e+00 
 1.06318296e-02  8.50000000e-01  1.06318296e-02  1.06551350e+00 
 1.06418296e-02  8.50000000e-01  1.06418296e-02  1.07282288e+00 
 1.06518296e-02  8.50000000e-01  1.06518296e-02  1.07999679e+00 
 1.06618296e-02  8.50000000e-01  1.06618296e-02  1.08703656e+00 
 1.06718296e-02  8.50000000e-01  1.06718296e-02  1.09394371e+00 
 1.06818296e-02  8.50000000e-01  1.06818296e-02  1.10071946e+00 
 1.06918296e-02  8.50000000e-01  1.06918296e-02  1.10736541e+00 
 1.07018296e-02  8.50000000e-01  1.07018296e-02  1.11388306e+00 
 1.07118296e-02  8.50000000e-01  1.07118296e-02  1.12027390e+00 
 1.07218296e-02  8.50000000e-01  1.07218296e-02  1.12653954e+00 
 1.07318296e-02  8.50000000e-01  1.07318296e-02  1.13268156e+00 
 1.07418296e-02  8.50000000e-01  1.07418296e-02  1.13870162e+00 
 1.07518296e-02  8.50000000e-01  1.07518296e-02  1.14460130e+00 
 1.07618296e-02  8.50000000e-01  1.07618296e-02  1.15038238e+00 
 1.07718296e-02  8.50000000e-01  1.07718296e-02  1.15604648e+00 
 1.07818296e-02  8.50000000e-01  1.07818296e-02  1.16159536e+00 
 1.07918296e-02  8.50000000e-01  1.07918296e-02  1.16703070e+00 
 1.08018296e-02  8.50000000e-01  1.08018296e-02  1.17235410e+00 
 1.08118296e-02  8.50000000e-01  1.08118296e-02  1.17756752e+00 
 1.08218296e-02  8.50000000e-01  1.08218296e-02  1.18267257e+00 
 1.08318296e-02  8.50000000e-01  1.08318296e-02  1.18767098e+00 
 1.08418296e-02  8.50000000e-01  1.08418296e-02  1.19256457e+00 
 1.08518296e-02  8.50000000e-01  1.08518296e-02  1.19735502e+00 
 1.08618296e-02  8.50000000e-01  1.08618296e-02  1.20204411e+00 
 1.08718296e-02  8.50000000e-01  1.08718296e-02  1.20663346e+00 
 1.08818296e-02  8.50000000e-01  1.08818296e-02  1.21112493e+00 
 1.08918296e-02  8.50000000e-01  1.08918296e-02  1.21552016e+00 
 1.09018296e-02  8.50000000e-01  1.09018296e-02  1.21982089e+00 
 1.09118296e-02  8.50000000e-01  1.09118296e-02  1.22402880e+00 
 1.09218296e-02  8.50000000e-01  1.09218296e-02  1.22814564e+00 
 1.09318296e-02  8.50000000e-01  1.09318296e-02  1.23217302e+00 
 1.09418296e-02  8.50000000e-01  1.09418296e-02  1.23611257e+00 
 1.09518296e-02  8.50000000e-01  1.09518296e-02  1.23996602e+00 
 1.09618296e-02  8.50000000e-01  1.09618296e-02  1.24373492e+00 
 1.09718296e-02  8.50000000e-01  1.09718296e-02  1.24742100e+00 
 1.09818296e-02  8.50000000e-01  1.09818296e-02  1.25102576e+00 
 1.09918296e-02  8.50000000e-01  1.09918296e-02  1.25455074e+00 
 1.10018296e-02  8.50000000e-01  1.10018296e-02  1.25799759e+00 
 1.10118296e-02  8.50000000e-01  1.10118296e-02  1.26136778e+00 
 1.10218296e-02  8.50000000e-01  1.10218296e-02  1.26466293e+00 
 1.10318296e-02  8.50000000e-01  1.10318296e-02  1.26788445e+00 
 1.10418296e-02  8.50000000e-01  1.10418296e-02  1.27103386e+00 
 1.10518296e-02  8.50000000e-01  1.10518296e-02  1.27411265e+00 
 1.10618296e-02  8.50000000e-01  1.10618296e-02  1.27712215e+00 
 1.10718296e-02  8.50000000e-01  1.10718296e-02  1.28006390e+00 
 1.10818296e-02  8.50000000e-01  1.10818296e-02  1.28293926e+00 
 1.10918296e-02  8.50000000e-01  1.10918296e-02  1.28574954e+00 
 1.11018296e-02  8.50000000e-01  1.11018296e-02  1.28849619e+00 
 1.11118296e-02  8.50000000e-01  1.11118296e-02  1.29118046e+00 
 1.11218296e-02  8.50000000e-01  1.11218296e-02  1.29380369e+00 
 1.11318296e-02  8.50000000e-01  1.11318296e-02  1.29636727e+00 
 1.11418296e-02  8.50000000e-01  1.11418296e-02  1.29887230e+00 
 1.11518296e-02  8.50000000e-01  1.11518296e-02  1.30132012e+00 
 1.11618296e-02  8.50000000e-01  1.11618296e-02  1.30371194e+00 
 1.11718296e-02  8.50000000e-01  1.11718296e-02  1.30604902e+00 
 1.11818296e-02  8.50000000e-01  1.11818296e-02  1.30833240e+00 
 1.11918296e-02  8.50000000e-01  1.11918296e-02  1.31056331e+00 
 1.12018296e-02  8.50000000e-01  1.12018296e-02  1.31274298e+00 
 1.12118296e-02  8.50000000e-01  1.12118296e-02  1.31487237e+00 
 1.12218296e-02  8.50000000e-01  1.12218296e-02  1.31695265e+00 
 1.12318296e-02  8.50000000e-01  1.12318296e-02  1.31898498e+00 
 1.12418296e-02  8.50000000e-01  1.12418296e-02  1.32097026e+00 
 1.12518296e-02  8.50000000e-01  1.12518296e-02  1.32290961e+00 
 1.12618296e-02  8.50000000e-01  1.12618296e-02  1.32480411e+00 
 1.12718296e-02  8.50000000e-01  1.12718296e-02  1.32665455e+00 
 1.12818296e-02  8.50000000e-01  1.12818296e-02  1.32846209e+00 
 1.12918296e-02  8.50000000e-01  1.12918296e-02  1.33022771e+00 
 1.13018296e-02  8.50000000e-01  1.13018296e-02  1.33195216e+00 
 1.13118296e-02  8.50000000e-01  1.13118296e-02  1.33363652e+00 
 1.13218296e-02  8.50000000e-01  1.13218296e-02  1.33528166e+00 
 1.13318296e-02  8.50000000e-01  1.13318296e-02  1.33688846e+00 
 1.13418296e-02  8.50000000e-01  1.13418296e-02  1.33845768e+00 
 1.13518296e-02  8.50000000e-01  1.13518296e-02  1.33999030e+00 
 1.13618296e-02  8.50000000e-01  1.13618296e-02  1.34148713e+00 
 1.13718296e-02  8.50000000e-01  1.13718296e-02  1.34294883e+00 
 1.13818296e-02  8.50000000e-01  1.13818296e-02  1.34437642e+00 
 1.13918296e-02  8.50000000e-01  1.13918296e-02  1.34577060e+00 
 1.14018296e-02  8.50000000e-01  1.14018296e-02  1.34713201e+00 
 1.14118296e-02  8.50000000e-01  1.14118296e-02  1.34846153e+00 
 1.14218296e-02  8.50000000e-01  1.14218296e-02  1.34975981e+00 
 1.14318296e-02  8.50000000e-01  1.14318296e-02  1.35102760e+00 
 1.14418296e-02  8.50000000e-01  1.14418296e-02  1.35226572e+00 
 1.14518296e-02  8.50000000e-01  1.14518296e-02  1.35347460e+00 
 1.14618296e-02  8.50000000e-01  1.14618296e-02  1.35465506e+00 
 1.14718296e-02  8.50000000e-01  1.14718296e-02  1.35580774e+00 
 1.14818296e-02  8.50000000e-01  1.14818296e-02  1.35693329e+00 
 1.14918296e-02  8.50000000e-01  1.14918296e-02  1.35803231e+00 
 1.15018296e-02  8.50000000e-01  1.15018296e-02  1.35910542e+00 
 1.15118296e-02  8.50000000e-01  1.15118296e-02  1.36015328e+00 
 1.15218296e-02  8.50000000e-01  1.15218296e-02  1.36117636e+00 
 1.15318296e-02  8.50000000e-01  1.15318296e-02  1.36217523e+00 
 1.15418296e-02  8.50000000e-01  1.15418296e-02  1.36315060e+00 
 1.15518296e-02  8.50000000e-01  1.15518296e-02  1.36410285e+00 
 1.15618296e-02  8.50000000e-01  1.15618296e-02  1.36503262e+00 
 1.15718296e-02  8.50000000e-01  1.15718296e-02  1.36594044e+00 
 1.15818296e-02  8.50000000e-01  1.15818296e-02  1.36682673e+00 
 1.15918296e-02  8.50000000e-01  1.15918296e-02  1.36769205e+00 
 1.16018296e-02  8.50000000e-01  1.16018296e-02  1.36853687e+00 
 1.16118296e-02  8.50000000e-01  1.16118296e-02  1.36936174e+00 
 1.16218296e-02  8.50000000e-01  1.16218296e-02  1.37016708e+00 
 1.16318296e-02  8.50000000e-01  1.16318296e-02  1.37095331e+00 
 1.16418296e-02  8.50000000e-01  1.16418296e-02  1.37172081e+00 
 1.16518296e-02  8.50000000e-01  1.16518296e-02  1.37247016e+00 
 1.16618296e-02  8.50000000e-01  1.16618296e-02  1.37320178e+00 
 1.16718296e-02  8.50000000e-01  1.16718296e-02  1.37391600e+00 
 1.16818296e-02  8.50000000e-01  1.16818296e-02  1.37461329e+00 
 1.16918296e-02  8.50000000e-01  1.16918296e-02  1.37529401e+00 
 1.17018296e-02  8.50000000e-01  1.17018296e-02  1.37595850e+00 
 1.17118296e-02  8.50000000e-01  1.17118296e-02  1.37660726e+00 
 1.17218296e-02  8.50000000e-01  1.17218296e-02  1.37724067e+00 
 1.17318296e-02  8.50000000e-01  1.17318296e-02  1.37785894e+00 
 1.17418296e-02  8.50000000e-01  1.17418296e-02  1.37846250e+00 
 1.17518296e-02  8.50000000e-01  1.17518296e-02  1.37905176e+00 
 1.17618296e-02  8.50000000e-01  1.17618296e-02  1.37962695e+00 
 1.17718296e-02  8.50000000e-01  1.17718296e-02  1.38018853e+00 
 1.17818296e-02  8.50000000e-01  1.17818296e-02  1.38073668e+00 
 1.17918296e-02  8.50000000e-01  1.17918296e-02  1.38127175e+00 
 1.18018296e-02  8.50000000e-01  1.18018296e-02  1.38179418e+00 
 1.18118296e-02  8.50000000e-01  1.18118296e-02  1.38230411e+00 
 1.18218296e-02  8.50000000e-01  1.18218296e-02  1.38280187e+00 
 1.18318296e-02  8.50000000e-01  1.18318296e-02  1.38328782e+00 
 1.18418296e-02  8.50000000e-01  1.18418296e-02  1.38376219e+00 
 1.18518296e-02  8.50000000e-01  1.18518296e-02  1.38422522e+00 
 1.18618296e-02  8.50000000e-01  1.18618296e-02  1.38467729e+00 
 1.18718296e-02  8.50000000e-01  1.18718296e-02  1.38511851e+00 
 1.18818296e-02  8.50000000e-01  1.18818296e-02  1.38554917e+00 
 1.18918296e-02  8.50000000e-01  1.18918296e-02  1.38596967e+00 
 1.19018296e-02  8.50000000e-01  1.19018296e-02  1.38638008e+00 
 1.19118296e-02  8.50000000e-01  1.19118296e-02  1.38678075e+00 
 1.19218296e-02  8.50000000e-01  1.19218296e-02  1.38717178e+00 
 1.19318296e-02  8.50000000e-01  1.19318296e-02  1.38755349e+00 
 1.19418296e-02  8.50000000e-01  1.19418296e-02  1.38792614e+00 
 1.19518296e-02  8.50000000e-01  1.19518296e-02  1.38828984e+00 
 1.19618296e-02  8.50000000e-01  1.19618296e-02  1.38864495e+00 
 1.19718296e-02  8.50000000e-01  1.19718296e-02  1.38899153e+00 
 1.19818296e-02  8.50000000e-01  1.19818296e-02  1.38932979e+00 
 1.19918296e-02  8.50000000e-01  1.19918296e-02  1.38966001e+00 
 1.20018296e-02  8.50000000e-01  1.20018296e-02  1.38998235e+00 
 1.20118296e-02  8.50000000e-01  1.20118296e-02  1.39029694e+00 
 1.20218296e-02  8.50000000e-01  1.20218296e-02  1.39060409e+00 
 1.20318296e-02  8.50000000e-01  1.20318296e-02  1.39090391e+00 
 1.20418296e-02  8.50000000e-01  1.20418296e-02  1.39119647e+00 
 1.20518296e-02  8.50000000e-01  1.20518296e-02  1.39148209e+00 
 1.20618296e-02  8.50000000e-01  1.20618296e-02  1.39176086e+00 
 1.20718296e-02  8.50000000e-01  1.20718296e-02  1.39203300e+00 
 1.20818296e-02  8.50000000e-01  1.20818296e-02  1.39229863e+00 
 1.20918296e-02  8.50000000e-01  1.20918296e-02  1.39255794e+00 
 1.21018296e-02  8.50000000e-01  1.21018296e-02  1.39281099e+00 
 1.21118296e-02  8.50000000e-01  1.21118296e-02  1.39305799e+00 
 1.21218296e-02  8.50000000e-01  1.21218296e-02  1.39329914e+00 
 1.21318296e-02  8.50000000e-01  1.21318296e-02  1.39353448e+00 
 1.21418296e-02  8.50000000e-01  1.21418296e-02  1.39376414e+00 
 1.21518296e-02  8.50000000e-01  1.21518296e-02  1.39398835e+00 
 1.21618296e-02  8.50000000e-01  1.21618296e-02  1.39420726e+00 
 1.21718296e-02  8.50000000e-01  1.21718296e-02  1.39442084e+00 
 1.21818296e-02  8.50000000e-01  1.21818296e-02  1.39462939e+00 
 1.21918296e-02  8.50000000e-01  1.21918296e-02  1.39483294e+00 
 1.22018296e-02  8.50000000e-01  1.22018296e-02  1.39503152e+00 
 1.22118296e-02  8.50000000e-01  1.22118296e-02  1.39522545e+00 
 1.22218296e-02  8.50000000e-01  1.22218296e-02  1.39541475e+00 
 1.22318296e-02  8.50000000e-01  1.22318296e-02  1.39559942e+00 
 1.22418296e-02  8.50000000e-01  1.22418296e-02  1.39577973e+00 
 1.22518296e-02  8.50000000e-01  1.22518296e-02  1.39595570e+00 
 1.22618296e-02  8.50000000e-01  1.22618296e-02  1.39612749e+00 
 1.22718296e-02  8.50000000e-01  1.22718296e-02  1.39629517e+00 
 1.22818296e-02  8.50000000e-01  1.22818296e-02  1.39645878e+00 
 1.22918296e-02  8.50000000e-01  1.22918296e-02  1.39661854e+00 
 1.23018296e-02  8.50000000e-01  1.23018296e-02  1.39677448e+00 
 1.23118296e-02  8.50000000e-01  1.23118296e-02  1.39692665e+00 
 1.23218296e-02  8.50000000e-01  1.23218296e-02  1.39707518e+00 
 1.23318296e-02  8.50000000e-01  1.23318296e-02  1.39722013e+00 
 1.23418296e-02  8.50000000e-01  1.23418296e-02  1.39736162e+00 
 1.23518296e-02  8.50000000e-01  1.23518296e-02  1.39749972e+00 
 1.23618296e-02  8.50000000e-01  1.23618296e-02  1.39763452e+00 
 1.23718296e-02  8.50000000e-01  1.23718296e-02  1.39776610e+00 
 1.23818296e-02  8.50000000e-01  1.23818296e-02  1.39789454e+00 
 1.23918296e-02  8.50000000e-01  1.23918296e-02  1.39801984e+00 
 1.24018296e-02  8.50000000e-01  1.24018296e-02  1.39814221e+00 
 1.24118296e-02  8.50000000e-01  1.24118296e-02  1.39826164e+00 
 1.24218296e-02  8.50000000e-01  1.24218296e-02  1.39837817e+00 
 1.24318296e-02  8.50000000e-01  1.24318296e-02  1.39849190e+00 
 1.24418296e-02  8.50000000e-01  1.24418296e-02  1.39860290e+00 
 1.24518296e-02  8.50000000e-01  1.24518296e-02  1.39871130e+00 
 1.24618296e-02  8.50000000e-01  1.24618296e-02  1.39881705e+00 
 1.24718296e-02  8.50000000e-01  1.24718296e-02  1.39892029e+00 
 1.24818296e-02  8.50000000e-01  1.24818296e-02  1.39902111e+00 
 1.24918296e-02  8.50000000e-01  1.24918296e-02  1.39911941e+00 
 1.25018296e-02  8.50000000e-01  1.25018296e-02  1.39921542e+00 
 1.25118296e-02  8.50000000e-01  1.25118296e-02  1.39930909e+00 
 1.25218296e-02  8.50000000e-01  1.25218296e-02  1.39940049e+00 
 1.25318296e-02  8.50000000e-01  1.25318296e-02  1.39948982e+00 
 1.25418296e-02  8.50000000e-01  1.25418296e-02  1.39957695e+00 
 1.25518296e-02  8.50000000e-01  1.25518296e-02  1.39966198e+00 
 1.25618296e-02  8.50000000e-01  1.25618296e-02  1.39974493e+00 
 1.25718296e-02  8.50000000e-01  1.25718296e-02  1.39982596e+00 
 1.25818296e-02  8.50000000e-01  1.25818296e-02  1.39990497e+00 
 1.25918296e-02  8.50000000e-01  1.25918296e-02  1.39998211e+00 
 1.26018296e-02  8.50000000e-01  1.26018296e-02  1.40005744e+00 
 1.26118296e-02  8.50000000e-01  1.26118296e-02  1.40013092e+00 
 1.26218296e-02  8.50000000e-01  1.26218296e-02  1.40020272e+00 
 1.26318296e-02  8.50000000e-01  1.26318296e-02  1.40027273e+00 
 1.26418296e-02  8.50000000e-01  1.26418296e-02  1.40034109e+00 
 1.26518296e-02  8.50000000e-01  1.26518296e-02  1.40040779e+00 
 1.26618296e-02  8.50000000e-01  1.26618296e-02  1.40047290e+00 
 1.26718296e-02  8.50000000e-01  1.26718296e-02  1.40053644e+00 
 1.26818296e-02  8.50000000e-01  1.26818296e-02  1.40059840e+00 
 1.26918296e-02  8.50000000e-01  1.26918296e-02  1.40065899e+00 
 1.27018296e-02  8.50000000e-01  1.27018296e-02  1.40071807e+00 
 1.27118296e-02  8.50000000e-01  1.27118296e-02  1.40077570e+00 
 1.27218296e-02  8.50000000e-01  1.27218296e-02  1.40083198e+00 
 1.27318296e-02  8.50000000e-01  1.27318296e-02  1.40088692e+00 
 1.27418296e-02  8.50000000e-01  1.27418296e-02  1.40094056e+00 
 1.27518296e-02  8.50000000e-01  1.27518296e-02  1.40099292e+00 
 1.27618296e-02  8.50000000e-01  1.27618296e-02  1.40104397e+00 
 1.27718296e-02  8.50000000e-01  1.27718296e-02  1.40109378e+00 
 1.27818296e-02  8.50000000e-01  1.27818296e-02  1.40114245e+00 
 1.27918296e-02  8.50000000e-01  1.27918296e-02  1.40118996e+00 
 1.28018296e-02  8.50000000e-01  1.28018296e-02  1.40123629e+00 
 1.28118296e-02  8.50000000e-01  1.28118296e-02  1.40128157e+00 
 1.28218296e-02  8.50000000e-01  1.28218296e-02  1.40132569e+00 
 1.28318296e-02  8.50000000e-01  1.28318296e-02  1.40136877e+00 
 1.28418296e-02  8.50000000e-01  1.28418296e-02  1.40141085e+00 
 1.28518296e-02  8.50000000e-01  1.28518296e-02  1.40145189e+00 
 1.28618296e-02  8.50000000e-01  1.28618296e-02  1.40149201e+00 
 1.28718296e-02  8.50000000e-01  1.28718296e-02  1.40153110e+00 
 1.28818296e-02  8.50000000e-01  1.28818296e-02  1.40156928e+00 
 1.28918296e-02  8.50000000e-01  1.28918296e-02  1.40160651e+00 
 1.29018296e-02  8.50000000e-01  1.29018296e-02  1.40164286e+00 
 1.29118296e-02  8.50000000e-01  1.29118296e-02  1.40167832e+00 
 1.29218296e-02  8.50000000e-01  1.29218296e-02  1.40171294e+00 
 1.29318296e-02  8.50000000e-01  1.29318296e-02  1.40174679e+00 
 1.29418296e-02  8.50000000e-01  1.29418296e-02  1.40177978e+00 
 1.29518296e-02  8.50000000e-01  1.29518296e-02  1.40181200e+00 
 1.29618296e-02  8.50000000e-01  1.29618296e-02  1.40184343e+00 
 1.29718296e-02  8.50000000e-01  1.29718296e-02  1.40187404e+00 
 1.29818296e-02  8.50000000e-01  1.29818296e-02  1.40190397e+00 
 1.29918296e-02  8.50000000e-01  1.29918296e-02  1.40193323e+00 
 1.30018296e-02  8.50000000e-01  1.30018296e-02  1.40196176e+00 
 1.30118296e-02  8.50000000e-01  1.30118296e-02  1.40198955e+00 
 1.30218296e-02  8.50000000e-01  1.30218296e-02  1.40201672e+00 
 1.30318296e-02  8.50000000e-01  1.30318296e-02  1.40204330e+00 
 1.30418296e-02  8.50000000e-01  1.30418296e-02  1.40206913e+00 
 1.30518296e-02  8.50000000e-01  1.30518296e-02  1.40209442e+00 
 1.30618296e-02  8.50000000e-01  1.30618296e-02  1.40211907e+00 
 1.30718296e-02  8.50000000e-01  1.30718296e-02  1.40214309e+00 
 1.30818296e-02  8.50000000e-01  1.30818296e-02  1.40216658e+00 
 1.30918296e-02  8.50000000e-01  1.30918296e-02  1.40218950e+00 
 1.31018296e-02  8.50000000e-01  1.31018296e-02  1.40221189e+00 
 1.31118296e-02  8.50000000e-01  1.31118296e-02  1.40223375e+00 
 1.31218296e-02  8.50000000e-01  1.31218296e-02  1.40225503e+00 
 1.31318296e-02  8.50000000e-01  1.31318296e-02  1.40227585e+00 
 1.31418296e-02  8.50000000e-01  1.31418296e-02  1.40229617e+00 
 1.31518296e-02  8.50000000e-01  1.31518296e-02  1.40231595e+00 
 1.31618296e-02  8.50000000e-01  1.31618296e-02  1.40233531e+00 
 1.31718296e-02  8.50000000e-01  1.31718296e-02  1.40235414e+00 
 1.31818296e-02  8.50000000e-01  1.31818296e-02  1.40237259e+00 
 1.31918296e-02  8.50000000e-01  1.31918296e-02  1.40239057e+00 
 1.32018296e-02  8.50000000e-01  1.32018296e-02  1.40240810e+00 
 1.32118296e-02  8.50000000e-01  1.32118296e-02  1.40242525e+00 
 1.32218296e-02  8.50000000e-01  1.32218296e-02  1.40244192e+00 
 1.32318296e-02  8.50000000e-01  1.32318296e-02  1.40245827e+00 
 1.32418296e-02  8.50000000e-01  1.32418296e-02  1.40247422e+00 
 1.32518296e-02  8.50000000e-01  1.32518296e-02  1.40248967e+00 
 1.32618296e-02  8.50000000e-01  1.32618296e-02  1.40250486e+00 
 1.32718296e-02  8.50000000e-01  1.32718296e-02  1.40251967e+00 
 1.32818296e-02  8.50000000e-01  1.32818296e-02  1.40253417e+00 
 1.32918296e-02  8.50000000e-01  1.32918296e-02  1.40254825e+00 
 1.33018296e-02  8.50000000e-01  1.33018296e-02  1.40256200e+00 
 1.33118296e-02  8.50000000e-01  1.33118296e-02  1.40257545e+00 
 1.33218296e-02  8.50000000e-01  1.33218296e-02  1.40258853e+00 
 1.33318296e-02  8.50000000e-01  1.33318296e-02  1.40260138e+00 
 1.33418296e-02  8.50000000e-01  1.33418296e-02  1.40261383e+00 
 1.33518296e-02  8.50000000e-01  1.33518296e-02  1.40262601e+00 
 1.33618296e-02  8.50000000e-01  1.33618296e-02  1.40263793e+00 
 1.33718296e-02  8.50000000e-01  1.33718296e-02  1.40264951e+00 
 1.33818296e-02  8.50000000e-01  1.33818296e-02  1.40266089e+00 
 1.33918296e-02  8.50000000e-01  1.33918296e-02  1.40267193e+00 
 1.34018296e-02  8.50000000e-01  1.34018296e-02  1.40268271e+00 
 1.34118296e-02  8.50000000e-01  1.34118296e-02  1.40269328e+00 
 1.34218296e-02  8.50000000e-01  1.34218296e-02  1.40270354e+00 
 1.34318296e-02  8.50000000e-01  1.34318296e-02  1.40271356e+00 
 1.34418296e-02  8.50000000e-01  1.34418296e-02  1.40272339e+00 
 1.34518296e-02  8.50000000e-01  1.34518296e-02  1.40273294e+00 
 1.34618296e-02  8.50000000e-01  1.34618296e-02  1.40274226e+00 
 1.34718296e-02  8.50000000e-01  1.34718296e-02  1.40275140e+00 
 1.34818296e-02  8.50000000e-01  1.34818296e-02  1.40276027e+00 
 1.34918296e-02  8.50000000e-01  1.34918296e-02  1.40276894e+00 
 1.35018296e-02  8.50000000e-01  1.35018296e-02  1.40277738e+00 
 1.35118296e-02  8.50000000e-01  1.35118296e-02  1.40278568e+00 
 1.35218296e-02  8.50000000e-01  1.35218296e-02  1.40279373e+00 
 1.35318296e-02  8.50000000e-01  1.35318296e-02  1.40280159e+00 
 1.35418296e-02  8.50000000e-01  1.35418296e-02  1.40280932e+00 
 1.35518296e-02  8.50000000e-01  1.35518296e-02  1.40281681e+00 
 1.35618296e-02  8.50000000e-01  1.35618296e-02  1.40282412e+00 
 1.35718296e-02  8.50000000e-01  1.35718296e-02  1.40283124e+00 
 1.35818296e-02  8.50000000e-01  1.35818296e-02  1.40283827e+00 
 1.35918296e-02  8.50000000e-01  1.35918296e-02  1.40284506e+00 
 1.36018296e-02  8.50000000e-01  1.36018296e-02  1.40285171e+00 
 1.36118296e-02  8.50000000e-01  1.36118296e-02  1.40285817e+00 
 1.36218296e-02  8.50000000e-01  1.36218296e-02  1.40286448e+00 
 1.36318296e-02  8.50000000e-01  1.36318296e-02  1.40287070e+00 
 1.36418296e-02  8.50000000e-01  1.36418296e-02  1.40287671e+00 
 1.36518296e-02  8.50000000e-01  1.36518296e-02  1.40288260e+00 
 1.36618296e-02  8.50000000e-01  1.36618296e-02  1.40288832e+00 
 1.36718296e-02  8.50000000e-01  1.36718296e-02  1.40289391e+00 
 1.36818296e-02  8.50000000e-01  1.36818296e-02  1.40289935e+00 
 1.36918296e-02  8.50000000e-01  1.36918296e-02  1.40290473e+00 
 1.37018296e-02  8.50000000e-01  1.37018296e-02  1.40290992e+00 
 1.37118296e-02  8.50000000e-01  1.37118296e-02  1.40291501e+00 
 1.37218296e-02  8.50000000e-01  1.37218296e-02  1.40292003e+00 
 1.37318296e-02  8.50000000e-01  1.37318296e-02  1.40292480e+00 
 1.37418296e-02  8.50000000e-01  1.37418296e-02  1.40292953e+00 
 1.37518296e-02  8.50000000e-01  1.37518296e-02  1.40293417e+00 
 1.37618296e-02  8.50000000e-01  1.37618296e-02  1.40293867e+00 
 1.37718296e-02  8.50000000e-01  1.37718296e-02  1.40294306e+00 
 1.37818296e-02  8.50000000e-01  1.37818296e-02  1.40294734e+00 
 1.37918296e-02  8.50000000e-01  1.37918296e-02  1.40295151e+00 
 1.38018296e-02  8.50000000e-01  1.38018296e-02  1.40295565e+00 
 1.38118296e-02  8.50000000e-01  1.38118296e-02  1.40295964e+00 
 1.38218296e-02  8.50000000e-01  1.38218296e-02  1.40296347e+00 
 1.38318296e-02  8.50000000e-01  1.38318296e-02  1.40296732e+00 
 1.38418296e-02  8.50000000e-01  1.38418296e-02  1.40297100e+00 
 1.38518296e-02  8.50000000e-01  1.38518296e-02  1.40297463e+00 
 1.38618296e-02  8.50000000e-01  1.38618296e-02  1.40297814e+00 
 1.38718296e-02  8.50000000e-01  1.38718296e-02  1.40298158e+00 
 1.38818296e-02  8.50000000e-01  1.38818296e-02  1.40298500e+00 
 1.38918296e-02  8.50000000e-01  1.38918296e-02  1.40298829e+00 
 1.39018296e-02  8.50000000e-01  1.39018296e-02  1.40299143e+00 
 1.39118296e-02  8.50000000e-01  1.39118296e-02  1.40299454e+00 
 1.39218296e-02  8.50000000e-01  1.39218296e-02  1.40299763e+00 
 1.39318296e-02  8.50000000e-01  1.39318296e-02  1.40300060e+00 
 1.39418296e-02  8.50000000e-01  1.39418296e-02  1.40300351e+00 
 1.39518296e-02  8.50000000e-01  1.39518296e-02  1.40300634e+00 
 1.39618296e-02  8.50000000e-01  1.39618296e-02  1.40300910e+00 
 1.39718296e-02  8.50000000e-01  1.39718296e-02  1.40301186e+00 
 1.39818296e-02  8.50000000e-01  1.39818296e-02  1.40301451e+00 
 1.39918296e-02  8.50000000e-01  1.39918296e-02  1.40301703e+00 
 1.40018296e-02  8.50000000e-01  1.40018296e-02  1.40301953e+00 
 1.40118296e-02  8.50000000e-01  1.40118296e-02  1.40302202e+00 
 1.40218296e-02  8.50000000e-01  1.40218296e-02  1.40302442e+00 
 1.40318296e-02  8.50000000e-01  1.40318296e-02  1.40302677e+00 
 1.40418296e-02  8.50000000e-01  1.40418296e-02  1.40302904e+00 
 1.40518296e-02  8.50000000e-01  1.40518296e-02  1.40303127e+00 
 1.40618296e-02  8.50000000e-01  1.40618296e-02  1.40303344e+00 
 1.40718296e-02  8.50000000e-01  1.40718296e-02  1.40303555e+00 
 1.40818296e-02  8.50000000e-01  1.40818296e-02  1.40303761e+00 
 1.40918296e-02  8.50000000e-01  1.40918296e-02  1.40303962e+00 
 1.41018296e-02  8.50000000e-01  1.41018296e-02  1.40304165e+00 
 1.41118296e-02  8.50000000e-01  1.41118296e-02  1.40304351e+00 
 1.41218296e-02  8.50000000e-01  1.41218296e-02  1.40304540e+00 
 1.41318296e-02  8.50000000e-01  1.41318296e-02  1.40304726e+00 
 1.41418296e-02  8.50000000e-01  1.41418296e-02  1.40304907e+00 
 1.41518296e-02  8.50000000e-01  1.41518296e-02  1.40305075e+00 
 1.41618296e-02  8.50000000e-01  1.41618296e-02  1.40305244e+00 
 1.41718296e-02  8.50000000e-01  1.41718296e-02  1.40305414e+00 
 1.41818296e-02  8.50000000e-01  1.41818296e-02  1.40305577e+00 
 1.41918296e-02  8.50000000e-01  1.41918296e-02  1.40305736e+00 
 1.42018296e-02  8.50000000e-01  1.42018296e-02  1.40305891e+00 
 1.42118296e-02  8.50000000e-01  1.42118296e-02  1.40306042e+00 
 1.42218296e-02  8.50000000e-01  1.42218296e-02  1.40306189e+00 
 1.42318296e-02  8.50000000e-01  1.42318296e-02  1.40306332e+00 
 1.42418296e-02  8.50000000e-01  1.42418296e-02  1.40306472e+00 
 1.42518296e-02  8.50000000e-01  1.42518296e-02  1.40306608e+00 
 1.42618296e-02  8.50000000e-01  1.42618296e-02  1.40306741e+00 
 1.42718296e-02  8.50000000e-01  1.42718296e-02  1.40306871e+00 
 1.42818296e-02  8.50000000e-01  1.42818296e-02  1.40306997e+00 
 1.42918296e-02  8.50000000e-01  1.42918296e-02  1.40307128e+00 
 1.43018296e-02  8.50000000e-01  1.43018296e-02  1.40307250e+00 
 1.43118296e-02  8.50000000e-01  1.43118296e-02  1.40307364e+00 
 1.43218296e-02  8.50000000e-01  1.43218296e-02  1.40307478e+00 
 1.43318296e-02  8.50000000e-01  1.43318296e-02  1.40307589e+00 
 1.43418296e-02  8.50000000e-01  1.43418296e-02  1.40307705e+00 
 1.43518296e-02  8.50000000e-01  1.43518296e-02  1.40307812e+00 
 1.43618296e-02  8.50000000e-01  1.43618296e-02  1.40307912e+00 
 1.43718296e-02  8.50000000e-01  1.43718296e-02  1.40308020e+00 
 1.43818296e-02  8.50000000e-01  1.43818296e-02  1.40308119e+00 
 1.43918296e-02  8.50000000e-01  1.43918296e-02  1.40308212e+00 
 1.44018296e-02  8.50000000e-01  1.44018296e-02  1.40308312e+00 
 1.44118296e-02  8.50000000e-01  1.44118296e-02  1.40308404e+00 
 1.44218296e-02  8.50000000e-01  1.44218296e-02  1.40308489e+00 
 1.44318296e-02  8.50000000e-01  1.44318296e-02  1.40308583e+00 
 1.44418296e-02  8.50000000e-01  1.44418296e-02  1.40308668e+00 
 1.44518296e-02  8.50000000e-01  1.44518296e-02  1.40308754e+00 
 1.44618296e-02  8.50000000e-01  1.44618296e-02  1.40308836e+00 
 1.44718296e-02  8.50000000e-01  1.44718296e-02  1.40308917e+00 
 1.44818296e-02  8.50000000e-01  1.44818296e-02  1.40308995e+00 
 1.44918296e-02  8.50000000e-01  1.44918296e-02  1.40309064e+00 
 1.45018296e-02  8.50000000e-01  1.45018296e-02  1.40309144e+00 
 1.45118296e-02  8.50000000e-01  1.45118296e-02  1.40309214e+00 
 1.45218296e-02  8.50000000e-01  1.45218296e-02  1.40309287e+00 
 1.45318296e-02  8.50000000e-01  1.45318296e-02  1.40309362e+00 
 1.45418296e-02  8.50000000e-01  1.45418296e-02  1.40309425e+00 
 1.45518296e-02  8.50000000e-01  1.45518296e-02  1.40309493e+00 
 1.45618296e-02  8.50000000e-01  1.45618296e-02  1.40309555e+00 
 1.45718296e-02  8.50000000e-01  1.45718296e-02  1.40309618e+00 
 1.45818296e-02  8.50000000e-01  1.45818296e-02  1.40309679e+00 
 1.45918296e-02  8.50000000e-01  1.45918296e-02  1.40309738e+00 
 1.46018296e-02  8.50000000e-01  1.46018296e-02  1.40309803e+00 
 1.46118296e-02  8.50000000e-01  1.46118296e-02  1.40309854e+00 
 1.46218296e-02  8.50000000e-01  1.46218296e-02  1.40309912e+00 
 1.46318296e-02  8.50000000e-01  1.46318296e-02  1.40309963e+00 
 1.46418296e-02  8.50000000e-01  1.46418296e-02  1.40310016e+00 
 1.46518296e-02  8.50000000e-01  1.46518296e-02  1.40310074e+00 
 1.46618296e-02  8.50000000e-01  1.46618296e-02  1.40310119e+00 
 1.46718296e-02  8.50000000e-01  1.46718296e-02  1.40310169e+00 
 1.46818296e-02  8.50000000e-01  1.46818296e-02  1.40310222e+00 
 1.46918296e-02  8.50000000e-01  1.46918296e-02  1.40310263e+00 
 1.47018296e-02  8.50000000e-01  1.47018296e-02  1.40310309e+00 
 1.47118296e-02  8.50000000e-01  1.47118296e-02  1.40310359e+00 
 1.47218296e-02  8.50000000e-01  1.47218296e-02  1.40310397e+00 
 1.47318296e-02  8.50000000e-01  1.47318296e-02  1.40310440e+00 
 1.47418296e-02  8.50000000e-01  1.47418296e-02  1.40310486e+00 
 1.47518296e-02  8.50000000e-01  1.47518296e-02  1.40310528e+00 
 1.47618296e-02  8.50000000e-01  1.47618296e-02  1.40310563e+00 
 1.47718296e-02  8.50000000e-01  1.47718296e-02  1.40310601e+00 
 1.47818296e-02  8.50000000e-01  1.47818296e-02  1.40310643e+00 
 1.47918296e-02  8.50000000e-01  1.47918296e-02  1.40310681e+00 
 1.48018296e-02  8.50000000e-01  1.48018296e-02  1.40310712e+00 
 1.48118296e-02  8.50000000e-01  1.48118296e-02  1.40310746e+00 
 1.48218296e-02  8.50000000e-01  1.48218296e-02  1.40310785e+00 
 1.48318296e-02  8.50000000e-01  1.48318296e-02  1.40310820e+00 
 1.48418296e-02  8.50000000e-01  1.48418296e-02  1.40310847e+00 
 1.48518296e-02  8.50000000e-01  1.48518296e-02  1.40310878e+00 
 1.48618296e-02  8.50000000e-01  1.48618296e-02  1.40310914e+00 
 1.48718296e-02  8.50000000e-01  1.48718296e-02  1.40310945e+00 
 1.48818296e-02  8.50000000e-01  1.48818296e-02  1.40310976e+00 
 1.48918296e-02  8.50000000e-01  1.48918296e-02  1.40310999e+00 
 1.49018296e-02  8.50000000e-01  1.49018296e-02  1.40311026e+00 
 1.49118296e-02  8.50000000e-01  1.49118296e-02  1.40311058e+00 
 1.49218296e-02  8.50000000e-01  1.49218296e-02  1.40311086e+00 
 1.49318296e-02  8.50000000e-01  1.49318296e-02  1.40311114e+00 
 1.49418296e-02  8.50000000e-01  1.49418296e-02  1.40311140e+00 
 1.49518296e-02  8.50000000e-01  1.49518296e-02  1.40311159e+00 
 1.49618296e-02  8.50000000e-01  1.49618296e-02  1.40311182e+00 
 1.49718296e-02  8.50000000e-01  1.49718296e-02  1.40311210e+00 
 1.49818296e-02  8.50000000e-01  1.49818296e-02  1.40311234e+00 
 1.49918296e-02  8.50000000e-01  1.49918296e-02  1.40311258e+00 
 1.50000000e-02  8.50000000e-01  1.50000000e-02  1.40311271e+00 
