-1.00000000e-01  8.00000000e-01 -1.00000000e-01  1.79660974e+00 
-9.90000000e-02  8.01000000e-01 -9.90000000e-02  1.79660339e+00 
-9.80000000e-02  8.02000000e-01 -9.80000000e-02  1.79659616e+00 
-9.70000000e-02  8.03000000e-01 -9.70000000e-02  1.79658780e+00 
-9.60000000e-02  8.04000000e-01 -9.60000000e-02  1.79657788e+00 
-9.50000000e-02  8.05000000e-01 -9.50000000e-02  1.79656574e+00 
-9.40000000e-02  8.06000000e-01 -9.40000000e-02  1.79655009e+00 
-9.30000000e-02  8.07000000e-01 -9.30000000e-02  1.79652783e+00 
-9.20000000e-02  8.08000000e-01 -9.20000000e-02  1.79649071e+00 
-9.10000000e-02  8.09000000e-01 -9.10000000e-02  1.79639252e+00 
-9.00000000e-02  8.10000000e-01 -9.00000000e-02  1.79475868e+00 
-8.90000000e-02  8.11000000e-01 -8.90000000e-02  1.78865787e+00 
-8.80000000e-02  8.12000000e-01 -8.80000000e-02  1.78040216e+00 
-8.70000000e-02  8.13000000e-01 -8.70000000e-02  1.77128463e+00 
-8.60000000e-02  8.14000000e-01 -8.60000000e-02  1.76179868e+00 
-8.50000000e-02  8.15000000e-01 -8.50000000e-02  1.75212057e+00 
-8.40000000e-02  8.16000000e-01 -8.40000000e-02  1.74234867e+00 
-8.30000000e-02  8.17000000e-01 -8.30000000e-02  1.73250860e+00 
-8.20000000e-02  8.18000000e-01 -8.20000000e-02  1.72262566e+00 
-8.10000000e-02  8.19000000e-01 -8.10000000e-02  1.71271264e+00 
-8.00000000e-02  8.20000000e-01 -8.00000000e-02  1.70277814e+00 
-7.90000000e-02  8.21000000e-01 -7.90000000e-02  1.69282788e+00 
-7.80000000e-02  8.22000000e-01 -7.80000000e-02  1.68286597e+00 
-7.70000000e-02  8.23000000e-01 -7.70000000e-02  1.67289544e+00 
-7.60000000e-02  8.24000000e-01 -7.60000000e-02  1.66291857e+00 
-7.50000000e-02  8.25000000e-01 -7.50000000e-02  1.65293707e+00 
-7.40000000e-02  8.26000000e-01 -7.40000000e-02  1.64295220e+00 
-7.30000000e-02  8.27000000e-01 -7.30000000e-02  1.63296490e+00 
-7.20000000e-02  8.28000000e-01 -7.20000000e-02  1.62297584e+00 
-7.10000000e-02  8.29000000e-01 -7.10000000e-02  1.61298549e+00 
-7.00000000e-02  8.30000000e-01 -7.00000000e-02  1.60299421e+00 
-6.90000000e-02  8.31000000e-01 -6.90000000e-02  1.59300224e+00 
-6.80000000e-02  8.32000000e-01 -6.80000000e-02  1.58300975e+00 
-6.70000000e-02  8.33000000e-01 -6.70000000e-02  1.57301688e+00 
-6.60000000e-02  8.34000000e-01 -6.60000000e-02  1.56302371e+00 
-6.50000000e-02  8.35000000e-01 -6.50000000e-02  1.55303033e+00 
-6.40000000e-02  8.36000000e-01 -6.40000000e-02  1.54303678e+00 
-6.30000000e-02  8.37000000e-01 -6.30000000e-02  1.53304311e+00 
-6.20000000e-02  8.38000000e-01 -6.20000000e-02  1.52304933e+00 
-6.10000000e-02  8.39000000e-01 -6.10000000e-02  1.51305549e+00 
-6.00000000e-02  8.40000000e-01 -6.00000000e-02  1.50306159e+00 
-5.90000000e-02  8.41000000e-01 -5.90000000e-02  1.49306765e+00 
-5.80000000e-02  8.42000000e-01 -5.80000000e-02  1.48307368e+00 
-5.70000000e-02  8.43000000e-01 -5.70000000e-02  1.47307969e+00 
-5.60000000e-02  8.44000000e-01 -5.60000000e-02  1.46308570e+00 
-5.50000000e-02  8.45000000e-01 -5.50000000e-02  1.45309170e+00 
-5.40000000e-02  8.46000000e-01 -5.40000000e-02  1.44309769e+00 
-5.30000000e-02  8.47000000e-01 -5.30000000e-02  1.43310370e+00 
-5.20000000e-02  8.48000000e-01 -5.20000000e-02  1.42310971e+00 
-5.10000000e-02  8.49000000e-01 -5.10000000e-02  1.41311574e+00 
-5.00000000e-02  8.50000000e-01 -5.00000000e-02  1.40312178e+00 
-4.90000000e-02  8.51000000e-01 -4.90000000e-02  1.39312784e+00 
-4.80000000e-02  8.52000000e-01 -4.80000000e-02  1.38313392e+00 
-4.70000000e-02  8.53000000e-01 -4.70000000e-02  1.37314002e+00 
-4.60000000e-02  8.54000000e-01 -4.60000000e-02  1.36314614e+00 
-4.50000000e-02  8.55000000e-01 -4.50000000e-02  1.35315229e+00 
-4.40000000e-02  8.56000000e-01 -4.40000000e-02  1.34315846e+00 
-4.30000000e-02  8.57000000e-01 -4.30000000e-02  1.33316466e+00 
-4.20000000e-02  8.58000000e-01 -4.20000000e-02  1.32317089e+00 
-4.10000000e-02  8.59000000e-01 -4.10000000e-02  1.31317715e+00 
-4.00000000e-02  8.60000000e-01 -4.00000000e-02  1.30318344e+00 
-3.90000000e-02  8.61000000e-01 -3.90000000e-02  1.29318977e+00 
-3.80000000e-02  8.62000000e-01 -3.80000000e-02  1.28319612e+00 
-3.70000000e-02  8.63000000e-01 -3.70000000e-02  1.27320251e+00 
-3.60000000e-02  8.64000000e-01 -3.60000000e-02  1.26320894e+00 
-3.50000000e-02  8.65000000e-01 -3.50000000e-02  1.25321539e+00 
-3.40000000e-02  8.66000000e-01 -3.40000000e-02  1.24322189e+00 
-3.30000000e-02  8.67000000e-01 -3.30000000e-02  1.23322842e+00 
-3.20000000e-02  8.68000000e-01 -3.20000000e-02  1.22323499e+00 
-3.10000000e-02  8.69000000e-01 -3.10000000e-02  1.21324160e+00 
-3.00000000e-02  8.70000000e-01 -3.00000000e-02  1.20324825e+00 
-2.90000000e-02  8.71000000e-01 -2.90000000e-02  1.19325494e+00 
-2.80000000e-02  8.72000000e-01 -2.80000000e-02  1.18326166e+00 
-2.70000000e-02  8.73000000e-01 -2.70000000e-02  1.17326844e+00 
-2.60000000e-02  8.74000000e-01 -2.60000000e-02  1.16327525e+00 
-2.50000000e-02  8.75000000e-01 -2.50000000e-02  1.15328211e+00 
-2.40000000e-02  8.76000000e-01 -2.40000000e-02  1.14328901e+00 
-2.30000000e-02  8.77000000e-01 -2.30000000e-02  1.13329595e+00 
-2.20000000e-02  8.78000000e-01 -2.20000000e-02  1.12330295e+00 
-2.10000000e-02  8.79000000e-01 -2.10000000e-02  1.11330999e+00 
-2.00000000e-02  8.80000000e-01 -2.00000000e-02  1.10331707e+00 
-1.90000000e-02  8.81000000e-01 -1.90000000e-02  1.09332421e+00 
-1.80000000e-02  8.82000000e-01 -1.80000000e-02  1.08333139e+00 
-1.70000000e-02  8.83000000e-01 -1.70000000e-02  1.07333863e+00 
-1.60000000e-02  8.84000000e-01 -1.60000000e-02  1.06334592e+00 
-1.50000000e-02  8.85000000e-01 -1.50000000e-02  1.05335326e+00 
-1.40000000e-02  8.86000000e-01 -1.40000000e-02  1.04336065e+00 
-1.30000000e-02  8.87000000e-01 -1.30000000e-02  1.03336809e+00 
-1.20000000e-02  8.88000000e-01 -1.20000000e-02  1.02337560e+00 
-1.10000000e-02  8.89000000e-01 -1.10000000e-02  1.01338316e+00 
-1.00000000e-02  8.90000000e-01 -1.00000000e-02  1.00339077e+00 
-9.00000000e-03  8.91000000e-01 -9.00000000e-03  9.93398447e-01 
-8.00000000e-03  8.92000000e-01 -8.00000000e-03  9.83406181e-01 
-7.00000000e-03  8.93000000e-01 -7.00000000e-03  9.73413977e-01 
-6.00000000e-03  8.94000000e-01 -6.00000000e-03  9.63421834e-01 
-5.00000000e-03  8.95000000e-01 -5.00000000e-03  9.53429756e-01 
-4.00000000e-03  8.96000000e-01 -4.00000000e-03  9.43437742e-01 
-3.00000000e-03  8.97000000e-01 -3.00000000e-03  9.33445793e-01 
-2.00000000e-03  8.98000000e-01 -2.00000000e-03  9.23453913e-01 
-1.00000000e-03  8.99000000e-01 -1.00000000e-03  9.13462101e-01 
 7.63278329e-17  9.00000000e-01  7.63278329e-17  9.03470359e-01 
 1.00000000e-03  9.01000000e-01  1.00000000e-03  8.93478690e-01 
 2.00000000e-03  9.02000000e-01  2.00000000e-03  8.83487093e-01 
 3.00000000e-03  9.03000000e-01  3.00000000e-03  8.73495571e-01 
 4.00000000e-03  9.04000000e-01  4.00000000e-03  8.63504126e-01 
 5.00000000e-03  9.05000000e-01  5.00000000e-03  8.53512758e-01 
 6.00000000e-03  9.06000000e-01  6.00000000e-03  8.43521471e-01 
 7.00000000e-03  9.07000000e-01  7.00000000e-03  8.33530265e-01 
 8.00000000e-03  9.08000000e-01  8.00000000e-03  8.23539144e-01 
 9.00000000e-03  9.09000000e-01  9.00000000e-03  8.13548107e-01 
 1.00000000e-02  9.10000000e-01  1.00000000e-02  8.03557158e-01 
 1.10000000e-02  9.11000000e-01  1.10000000e-02  7.93566298e-01 
 1.20000000e-02  9.12000000e-01  1.20000000e-02  7.83575530e-01 
 1.30000000e-02  9.13000000e-01  1.30000000e-02  7.73584856e-01 
 1.40000000e-02  9.14000000e-01  1.40000000e-02  7.63594278e-01 
 1.50000000e-02  9.15000000e-01  1.50000000e-02  7.53603798e-01 
 1.60000000e-02  9.16000000e-01  1.60000000e-02  7.43613420e-01 
 1.70000000e-02  9.17000000e-01  1.70000000e-02  7.33623145e-01 
 1.80000000e-02  9.18000000e-01  1.80000000e-02  7.23632976e-01 
 1.90000000e-02  9.19000000e-01  1.90000000e-02  7.13642916e-01 
 2.00000000e-02  9.20000000e-01  2.00000000e-02  7.03652968e-01 
 2.10000000e-02  9.21000000e-01  2.10000000e-02  6.93663134e-01 
 2.20000000e-02  9.22000000e-01  2.20000000e-02  6.83673419e-01 
 2.30000000e-02  9.23000000e-01  2.30000000e-02  6.73683825e-01 
 2.40000000e-02  9.24000000e-01  2.40000000e-02  6.63694354e-01 
 2.50000000e-02  9.25000000e-01  2.50000000e-02  6.53705012e-01 
 2.60000000e-02  9.26000000e-01  2.60000000e-02  6.43715801e-01 
 2.70000000e-02  9.27000000e-01  2.70000000e-02  6.33726726e-01 
 2.80000000e-02  9.28000000e-01  2.80000000e-02  6.23737790e-01 
 2.90000000e-02  9.29000000e-01  2.90000000e-02  6.13748997e-01 
 3.00000000e-02  9.30000000e-01  3.00000000e-02  6.03760351e-01 
 3.10000000e-02  9.31000000e-01  3.10000000e-02  5.93771858e-01 
 3.20000000e-02  9.32000000e-01  3.20000000e-02  5.83783521e-01 
 3.30000000e-02  9.33000000e-01  3.30000000e-02  5.73795346e-01 
 3.40000000e-02  9.34000000e-01  3.40000000e-02  5.63807338e-01 
 3.50000000e-02  9.35000000e-01  3.50000000e-02  5.53819501e-01 
 3.60000000e-02  9.36000000e-01  3.60000000e-02  5.43831842e-01 
 3.70000000e-02  9.37000000e-01  3.70000000e-02  5.33844366e-01 
 3.80000000e-02  9.38000000e-01  3.80000000e-02  5.23857080e-01 
 3.90000000e-02  9.39000000e-01  3.90000000e-02  5.13869990e-01 
 4.00000000e-02  9.40000000e-01  4.00000000e-02  5.03883102e-01 
 4.10000000e-02  9.41000000e-01  4.10000000e-02  4.93896424e-01 
 4.20000000e-02  9.42000000e-01  4.20000000e-02  4.83909962e-01 
 4.30000000e-02  9.43000000e-01  4.30000000e-02  4.73923725e-01 
 4.40000000e-02  9.44000000e-01  4.40000000e-02  4.63937720e-01 
 4.50000000e-02  9.45000000e-01  4.50000000e-02  4.53951957e-01 
 4.60000000e-02  9.46000000e-01  4.60000000e-02  4.43966443e-01 
 4.70000000e-02  9.47000000e-01  4.70000000e-02  4.33981187e-01 
 4.80000000e-02  9.48000000e-01  4.80000000e-02  4.23996201e-01 
 4.90000000e-02  9.49000000e-01  4.90000000e-02  4.14011493e-01 
 5.00000000e-02  9.50000000e-01  5.00000000e-02  4.04027073e-01 
 5.10000000e-02  9.51000000e-01  5.10000000e-02  3.94042954e-01 
 5.20000000e-02  9.52000000e-01  5.20000000e-02  3.84059147e-01 
 5.30000000e-02  9.53000000e-01  5.30000000e-02  3.74075663e-01 
 5.40000000e-02  9.54000000e-01  5.40000000e-02  3.64092516e-01 
 5.50000000e-02  9.55000000e-01  5.50000000e-02  3.54109716e-01 
 5.60000000e-02  9.56000000e-01  5.60000000e-02  3.44127279e-01 
 5.70000000e-02  9.57000000e-01  5.70000000e-02  3.34145218e-01 
 5.80000000e-02  9.58000000e-01  5.80000000e-02  3.24163546e-01 
 5.90000000e-02  9.59000000e-01  5.90000000e-02  3.14182279e-01 
 6.00000000e-02  9.60000000e-01  6.00000000e-02  3.04201430e-01 
 6.10000000e-02  9.61000000e-01  6.10000000e-02  2.94221014e-01 
 6.20000000e-02  9.62000000e-01  6.20000000e-02  2.84241045e-01 
 6.30000000e-02  9.63000000e-01  6.30000000e-02  2.74261539e-01 
 6.40000000e-02  9.64000000e-01  6.40000000e-02  2.64282508e-01 
 6.50000000e-02  9.65000000e-01  6.50000000e-02  2.54303966e-01 
 6.60000000e-02  9.66000000e-01  6.60000000e-02  2.44325924e-01 
 6.70000000e-02  9.67000000e-01  6.70000000e-02  2.34348393e-01 
 6.80000000e-02  9.68000000e-01  6.80000000e-02  2.24371382e-01 
 6.90000000e-02  9.69000000e-01  6.90000000e-02  2.14394898e-01 
 7.00000000e-02  9.70000000e-01  7.00000000e-02  2.04418944e-01 
 7.10000000e-02  9.71000000e-01  7.10000000e-02  1.94443521e-01 
 7.20000000e-02  9.72000000e-01  7.20000000e-02  1.84468629e-01 
 7.30000000e-02  9.73000000e-01  7.30000000e-02  1.74494264e-01 
 7.40000000e-02  9.74000000e-01  7.40000000e-02  1.64520421e-01 
 7.50000000e-02  9.75000000e-01  7.50000000e-02  1.54547097e-01 
 7.60000000e-02  9.76000000e-01  7.60000000e-02  1.44574296e-01 
 7.70000000e-02  9.77000000e-01  7.70000000e-02  1.34602036e-01 
 7.80000000e-02  9.78000000e-01  7.80000000e-02  1.24630370e-01 
 7.90000000e-02  9.79000000e-01  7.90000000e-02  1.14659412e-01 
 8.00000000e-02  9.80000000e-01  8.00000000e-02  1.04689401e-01 
 8.10000000e-02  9.81000000e-01  8.10000000e-02  9.47208126e-02 
 8.20000000e-02  9.82000000e-01  8.20000000e-02  8.47545774e-02 
 8.30000000e-02  9.83000000e-01  8.30000000e-02  7.47924740e-02 
 8.40000000e-02  9.84000000e-01  8.40000000e-02  6.48377437e-02 
 8.50000000e-02  9.85000000e-01  8.50000000e-02  5.48958484e-02 
 8.60000000e-02  9.86000000e-01  8.60000000e-02  4.49751576e-02 
 8.70000000e-02  9.87000000e-01  8.70000000e-02  3.50894544e-02 
 8.80000000e-02  9.88000000e-01  8.80000000e-02  2.52647095e-02 
 8.90000000e-02  9.89000000e-01  8.90000000e-02  1.55702638e-02 
 9.00000000e-02  9.90000000e-01  9.00000000e-02  6.34518553e-03 
 9.10000000e-02  9.91000000e-01  9.10000000e-02  1.03058107e-03 
 9.20000000e-02  9.92000000e-01  9.20000000e-02  1.99408090e-04 
 9.30000000e-02  9.93000000e-01  9.30000000e-02  1.67596459e-04 
 9.40000000e-02  9.94000000e-01  9.40000000e-02  1.65028742e-04 
 9.50000000e-02  9.95000000e-01  9.50000000e-02  1.64037864e-04 
 9.60000000e-02  9.96000000e-01  9.60000000e-02  1.63326667e-04 
 9.70000000e-02  9.97000000e-01  9.70000000e-02  1.62834167e-04 
 9.80000000e-02  9.98000000e-01  9.80000000e-02  1.62470477e-04 
 9.90000000e-02  9.99000000e-01  9.90000000e-02  1.62188632e-04 
 1.00000000e-01  1.00000000e+00  1.00000000e-01  1.61966627e-04 
