-3.00000000e-04 -5.95927272e-08 -3.00000000e-04 -3.00000000e-04 -3.00000000e-04  4.95876374e-08 
-2.90000000e-04 -6.02089489e-08 -2.90000000e-04 -2.90000000e-04 -2.90000000e-04  5.02044100e-08 
-2.80000000e-04 -6.07096456e-08 -2.80000000e-04 -2.80000000e-04 -2.80000000e-04  5.07053373e-08 
-2.70000000e-04 -6.14308307e-08 -2.70000000e-04 -2.70000000e-04 -2.70000000e-04  5.14258423e-08 
-2.60000000e-04 -6.27252321e-08 -2.60000000e-04 -2.60000000e-04 -2.60000000e-04  5.27202220e-08 
-2.50000000e-04 -6.50989417e-08 -2.50000000e-04 -2.50000000e-04 -2.50000000e-04  5.50942239e-08 
-2.40000000e-04 -6.93470608e-08 -2.40000000e-04 -2.40000000e-04 -2.40000000e-04  5.93421819e-08 
-2.30000000e-04 -7.66643062e-08 -2.30000000e-04 -2.30000000e-04 -2.30000000e-04  6.66595189e-08 
-2.20000000e-04 -8.86686537e-08 -2.20000000e-04 -2.20000000e-04 -2.20000000e-04  7.86634952e-08 
-2.10000000e-04 -1.07032328e-07 -2.10000000e-04 -2.10000000e-04 -2.10000000e-04  9.70274372e-08 
-2.00000000e-04 -1.32179683e-07 -2.00000000e-04 -2.00000000e-04 -2.00000000e-04  1.22174518e-07 
-1.90000000e-04 -1.60297716e-07 -1.90000000e-04 -1.90000000e-04 -1.90000000e-04  1.50292748e-07 
-1.80000000e-04 -1.83300821e-07 -1.80000000e-04 -1.80000000e-04 -1.80000000e-04  1.73295565e-07 
-1.70000000e-04 -1.96292898e-07 -1.70000000e-04 -1.70000000e-04 -1.70000000e-04  1.86288234e-07 
-1.60000000e-04 -2.02170166e-07 -1.60000000e-04 -1.60000000e-04 -1.60000000e-04  1.92165142e-07 
-1.50000000e-04 -2.04781646e-07 -1.50000000e-04 -1.50000000e-04 -1.50000000e-04  1.94776835e-07 
-1.40000000e-04 -2.06313703e-07 -1.40000000e-04 -1.40000000e-04 -1.40000000e-04  1.96308714e-07 
-1.30000000e-04 -2.07216787e-07 -1.30000000e-04 -1.30000000e-04 -1.30000000e-04  1.97212015e-07 
-1.20000000e-04 -2.07852247e-07 -1.20000000e-04 -1.20000000e-04 -1.20000000e-04  1.97847157e-07 
-1.10000000e-04 -2.08351032e-07 -1.10000000e-04 -1.10000000e-04 -1.10000000e-04  1.98345940e-07 
-1.00000000e-04 -2.08777032e-07 -1.00000000e-04 -1.00000000e-04 -1.00000000e-04  1.98772535e-07 
-9.00000000e-05 -2.09164449e-07 -9.00000000e-05 -9.00000000e-05 -9.00000000e-05  1.99159580e-07 
-8.00000000e-05 -2.09533184e-07 -8.00000000e-05 -8.00000000e-05 -8.00000000e-05  1.99528852e-07 
-7.00000000e-05 -2.09896933e-07 -7.00000000e-05 -7.00000000e-05 -7.00000000e-05  1.99891897e-07 
-6.00000000e-05 -2.10266200e-07 -6.00000000e-05 -6.00000000e-05 -6.00000000e-05  2.00261960e-07 
-5.00000000e-05 -2.10651042e-07 -5.00000000e-05 -5.00000000e-05 -5.00000000e-05  2.00646053e-07 
-4.00000000e-05 -2.11062415e-07 -4.00000000e-05 -4.00000000e-05 -4.00000000e-05  2.01057712e-07 
-3.00000000e-05 -2.11517022e-07 -3.00000000e-05 -3.00000000e-05 -3.00000000e-05  2.01512685e-07 
-2.00000000e-05 -2.12044824e-07 -2.00000000e-05 -2.00000000e-05 -2.00000000e-05  2.02040214e-07 
-1.00000000e-05 -2.12732996e-07 -1.00000000e-05 -1.00000000e-05 -1.00000000e-05  2.02728088e-07 
 8.13151629e-20 -3.12860641e-07  8.13151629e-20  8.13151629e-20  8.13151629e-20  3.02856362e-07 
 1.00000000e-05 -1.02315734e-05  1.00000000e-05  1.00000000e-05  1.00000000e-05  1.02215686e-05 
 2.00000000e-05 -2.02282847e-05  2.00000000e-05  2.00000000e-05  2.00000000e-05  2.02182802e-05 
 3.00000000e-05 -3.02259014e-05  3.00000000e-05  3.00000000e-05  3.00000000e-05  3.02158965e-05 
 4.00000000e-05 -4.02239430e-05  4.00000000e-05  4.00000000e-05  4.00000000e-05  4.02139381e-05 
 5.00000000e-05 -5.02222625e-05  5.00000000e-05  5.00000000e-05  5.00000000e-05  5.02122575e-05 
 6.00000000e-05 -6.02207549e-05  6.00000000e-05  6.00000000e-05  6.00000000e-05  6.02107504e-05 
 7.00000000e-05 -7.02193678e-05  7.00000000e-05  7.00000000e-05  7.00000000e-05  7.02093631e-05 
 8.00000000e-05 -8.02180589e-05  8.00000000e-05  8.00000000e-05  8.00000000e-05  8.02080539e-05 
 9.00000000e-05 -9.02167838e-05  9.00000000e-05  9.00000000e-05  9.00000000e-05  9.02067789e-05 
 1.00000000e-04 -1.00215477e-04  1.00000000e-04  1.00000000e-04  1.00000000e-04  1.00205473e-04 
 1.10000000e-04 -1.10213997e-04  1.10000000e-04  1.10000000e-04  1.10000000e-04  1.10203993e-04 
 1.20000000e-04 -1.20211922e-04  1.20000000e-04  1.20000000e-04  1.20000000e-04  1.20201917e-04 
 1.30000000e-04 -1.30207600e-04  1.30000000e-04  1.30000000e-04  1.30000000e-04  1.30197595e-04 
 1.40000000e-04 -1.40194398e-04  1.40000000e-04  1.40000000e-04  1.40000000e-04  1.40184393e-04 
 1.50000000e-04 -1.50165714e-04  1.50000000e-04  1.50000000e-04  1.50000000e-04  1.50155710e-04 
 1.60000000e-04 -1.60129372e-04  1.60000000e-04  1.60000000e-04  1.60000000e-04  1.60119367e-04 
 1.70000000e-04 -1.70100043e-04  1.70000000e-04  1.70000000e-04  1.70000000e-04  1.70090039e-04 
 1.80000000e-04 -1.80081377e-04  1.80000000e-04  1.80000000e-04  1.80000000e-04  1.80071373e-04 
 1.90000000e-04 -1.90071123e-04  1.90000000e-04  1.90000000e-04  1.90000000e-04  1.90061119e-04 
 2.00000000e-04 -2.00065741e-04  2.00000000e-04  2.00000000e-04  2.00000000e-04  2.00055737e-04 
 2.10000000e-04 -2.10063023e-04  2.10000000e-04  2.10000000e-04  2.10000000e-04  2.10053018e-04 
 2.20000000e-04 -2.20061673e-04  2.20000000e-04  2.20000000e-04  2.20000000e-04  2.20051668e-04 
 2.30000000e-04 -2.30061007e-04  2.30000000e-04  2.30000000e-04  2.30000000e-04  2.30051002e-04 
 2.40000000e-04 -2.40060682e-04  2.40000000e-04  2.40000000e-04  2.40000000e-04  2.40050677e-04 
 2.50000000e-04 -2.50060523e-04  2.50000000e-04  2.50000000e-04  2.50000000e-04  2.50050519e-04 
 2.60000000e-04 -2.60060447e-04  2.60000000e-04  2.60000000e-04  2.60000000e-04  2.60050442e-04 
 2.70000000e-04 -2.70060411e-04  2.70000000e-04  2.70000000e-04  2.70000000e-04  2.70050407e-04 
 2.80000000e-04 -2.80060396e-04  2.80000000e-04  2.80000000e-04  2.80000000e-04  2.80050391e-04 
 2.90000000e-04 -2.90060389e-04  2.90000000e-04  2.90000000e-04  2.90000000e-04  2.90050385e-04 
 3.00000000e-04 -3.00060390e-04  3.00000000e-04  3.00000000e-04  3.00000000e-04  3.00050385e-04 
