-1.00000000e-01  8.00000000e-01 -1.00000000e-01  1.59281988e-04 
-9.90000000e-02  8.01000000e-01 -9.90000000e-02  1.59556957e-04 
-9.80000000e-02  8.02000000e-01 -9.80000000e-02  1.59900355e-04 
-9.70000000e-02  8.03000000e-01 -9.70000000e-02  1.60277669e-04 
-9.60000000e-02  8.04000000e-01 -9.60000000e-02  1.60719295e-04 
-9.50000000e-02  8.05000000e-01 -9.50000000e-02  1.61254337e-04 
-9.40000000e-02  8.06000000e-01 -9.40000000e-02  1.61934089e-04 
-9.30000000e-02  8.07000000e-01 -9.30000000e-02  1.62869347e-04 
-9.20000000e-02  8.08000000e-01 -9.20000000e-02  1.64371501e-04 
-9.10000000e-02  8.09000000e-01 -9.10000000e-02  1.69247803e-04 
-9.00000000e-02  8.10000000e-01 -9.00000000e-02  4.52067900e-03 
-8.90000000e-02  8.11000000e-01 -8.90000000e-02  1.44274222e-02 
-8.80000000e-02  8.12000000e-01 -8.80000000e-02  2.43910072e-02 
-8.70000000e-02  8.13000000e-01 -8.70000000e-02  3.43698615e-02 
-8.60000000e-02  8.14000000e-01 -8.60000000e-02  4.43569538e-02 
-8.50000000e-02  8.15000000e-01 -8.50000000e-02  5.43494427e-02 
-8.40000000e-02  8.16000000e-01 -8.40000000e-02  6.43443248e-02 
-8.30000000e-02  8.17000000e-01 -8.30000000e-02  7.43410092e-02 
-8.20000000e-02  8.18000000e-01 -8.20000000e-02  8.43386282e-02 
-8.10000000e-02  8.19000000e-01 -8.10000000e-02  9.43367786e-02 
-8.00000000e-02  8.20000000e-01 -8.00000000e-02  1.04335238e-01 
-7.90000000e-02  8.21000000e-01 -7.90000000e-02  1.14333883e-01 
-7.80000000e-02  8.22000000e-01 -7.80000000e-02  1.24332644e-01 
-7.70000000e-02  8.23000000e-01 -7.70000000e-02  1.34331478e-01 
-7.60000000e-02  8.24000000e-01 -7.60000000e-02  1.44330358e-01 
-7.50000000e-02  8.25000000e-01 -7.50000000e-02  1.54329267e-01 
-7.40000000e-02  8.26000000e-01 -7.40000000e-02  1.64328192e-01 
-7.30000000e-02  8.27000000e-01 -7.30000000e-02  1.74327127e-01 
-7.20000000e-02  8.28000000e-01 -7.20000000e-02  1.84326064e-01 
-7.10000000e-02  8.29000000e-01 -7.10000000e-02  1.94325000e-01 
-7.00000000e-02  8.30000000e-01 -7.00000000e-02  2.04323932e-01 
-6.90000000e-02  8.31000000e-01 -6.90000000e-02  2.14322858e-01 
-6.80000000e-02  8.32000000e-01 -6.80000000e-02  2.24321775e-01 
-6.70000000e-02  8.33000000e-01 -6.70000000e-02  2.34320683e-01 
-6.60000000e-02  8.34000000e-01 -6.60000000e-02  2.44319579e-01 
-6.50000000e-02  8.35000000e-01 -6.50000000e-02  2.54318463e-01 
-6.40000000e-02  8.36000000e-01 -6.40000000e-02  2.64317335e-01 
-6.30000000e-02  8.37000000e-01 -6.30000000e-02  2.74316193e-01 
-6.20000000e-02  8.38000000e-01 -6.20000000e-02  2.84315037e-01 
-6.10000000e-02  8.39000000e-01 -6.10000000e-02  2.94313867e-01 
-6.00000000e-02  8.40000000e-01 -6.00000000e-02  3.04312681e-01 
-5.90000000e-02  8.41000000e-01 -5.90000000e-02  3.14311480e-01 
-5.80000000e-02  8.42000000e-01 -5.80000000e-02  3.24310264e-01 
-5.70000000e-02  8.43000000e-01 -5.70000000e-02  3.34309031e-01 
-5.60000000e-02  8.44000000e-01 -5.60000000e-02  3.44307783e-01 
-5.50000000e-02  8.45000000e-01 -5.50000000e-02  3.54306517e-01 
-5.40000000e-02  8.46000000e-01 -5.40000000e-02  3.64305235e-01 
-5.30000000e-02  8.47000000e-01 -5.30000000e-02  3.74303936e-01 
-5.20000000e-02  8.48000000e-01 -5.20000000e-02  3.84302619e-01 
-5.10000000e-02  8.49000000e-01 -5.10000000e-02  3.94301285e-01 
-5.00000000e-02  8.50000000e-01 -5.00000000e-02  4.04299934e-01 
-4.90000000e-02  8.51000000e-01 -4.90000000e-02  4.14298564e-01 
-4.80000000e-02  8.52000000e-01 -4.80000000e-02  4.24297177e-01 
-4.70000000e-02  8.53000000e-01 -4.70000000e-02  4.34295772e-01 
-4.60000000e-02  8.54000000e-01 -4.60000000e-02  4.44294349e-01 
-4.50000000e-02  8.55000000e-01 -4.50000000e-02  4.54292907e-01 
-4.40000000e-02  8.56000000e-01 -4.40000000e-02  4.64291447e-01 
-4.30000000e-02  8.57000000e-01 -4.30000000e-02  4.74289969e-01 
-4.20000000e-02  8.58000000e-01 -4.20000000e-02  4.84288472e-01 
-4.10000000e-02  8.59000000e-01 -4.10000000e-02  4.94286957e-01 
-4.00000000e-02  8.60000000e-01 -4.00000000e-02  5.04285423e-01 
-3.90000000e-02  8.61000000e-01 -3.90000000e-02  5.14283871e-01 
-3.80000000e-02  8.62000000e-01 -3.80000000e-02  5.24282300e-01 
-3.70000000e-02  8.63000000e-01 -3.70000000e-02  5.34280711e-01 
-3.60000000e-02  8.64000000e-01 -3.60000000e-02  5.44279103e-01 
-3.50000000e-02  8.65000000e-01 -3.50000000e-02  5.54277478e-01 
-3.40000000e-02  8.66000000e-01 -3.40000000e-02  5.64275833e-01 
-3.30000000e-02  8.67000000e-01 -3.30000000e-02  5.74274171e-01 
-3.20000000e-02  8.68000000e-01 -3.20000000e-02  5.84272490e-01 
-3.10000000e-02  8.69000000e-01 -3.10000000e-02  5.94270792e-01 
-3.00000000e-02  8.70000000e-01 -3.00000000e-02  6.04269075e-01 
-2.90000000e-02  8.71000000e-01 -2.90000000e-02  6.14267341e-01 
-2.80000000e-02  8.72000000e-01 -2.80000000e-02  6.24265589e-01 
-2.70000000e-02  8.73000000e-01 -2.70000000e-02  6.34263821e-01 
-2.60000000e-02  8.74000000e-01 -2.60000000e-02  6.44262035e-01 
-2.50000000e-02  8.75000000e-01 -2.50000000e-02  6.54260232e-01 
-2.40000000e-02  8.76000000e-01 -2.40000000e-02  6.64258412e-01 
-2.30000000e-02  8.77000000e-01 -2.30000000e-02  6.74256576e-01 
-2.20000000e-02  8.78000000e-01 -2.20000000e-02  6.84254724e-01 
-2.10000000e-02  8.79000000e-01 -2.10000000e-02  6.94252857e-01 
-2.00000000e-02  8.80000000e-01 -2.00000000e-02  7.04250973e-01 
-1.90000000e-02  8.81000000e-01 -1.90000000e-02  7.14249075e-01 
-1.80000000e-02  8.82000000e-01 -1.80000000e-02  7.24247162e-01 
-1.70000000e-02  8.83000000e-01 -1.70000000e-02  7.34245234e-01 
-1.60000000e-02  8.84000000e-01 -1.60000000e-02  7.44243293e-01 
-1.50000000e-02  8.85000000e-01 -1.50000000e-02  7.54241337e-01 
-1.40000000e-02  8.86000000e-01 -1.40000000e-02  7.64239369e-01 
-1.30000000e-02  8.87000000e-01 -1.30000000e-02  7.74237388e-01 
-1.20000000e-02  8.88000000e-01 -1.20000000e-02  7.84235394e-01 
-1.10000000e-02  8.89000000e-01 -1.10000000e-02  7.94233388e-01 
-1.00000000e-02  8.90000000e-01 -1.00000000e-02  8.04231371e-01 
-9.00000000e-03  8.91000000e-01 -9.00000000e-03  8.14229343e-01 
-8.00000000e-03  8.92000000e-01 -8.00000000e-03  8.24227304e-01 
-7.00000000e-03  8.93000000e-01 -7.00000000e-03  8.34225255e-01 
-6.00000000e-03  8.94000000e-01 -6.00000000e-03  8.44223196e-01 
-5.00000000e-03  8.95000000e-01 -5.00000000e-03  8.54221128e-01 
-4.00000000e-03  8.96000000e-01 -4.00000000e-03  8.64219052e-01 
-3.00000000e-03  8.97000000e-01 -3.00000000e-03  8.74216968e-01 
-2.00000000e-03  8.98000000e-01 -2.00000000e-03  8.84214876e-01 
-1.00000000e-03  8.99000000e-01 -1.00000000e-03  8.94212776e-01 
 7.63278329e-17  9.00000000e-01  7.63278329e-17  9.04210671e-01 
 1.00000000e-03  9.01000000e-01  1.00000000e-03  9.14208559e-01 
 2.00000000e-03  9.02000000e-01  2.00000000e-03  9.24206441e-01 
 3.00000000e-03  9.03000000e-01  3.00000000e-03  9.34204319e-01 
 4.00000000e-03  9.04000000e-01  4.00000000e-03  9.44202191e-01 
 5.00000000e-03  9.05000000e-01  5.00000000e-03  9.54200060e-01 
 6.00000000e-03  9.06000000e-01  6.00000000e-03  9.64197925e-01 
 7.00000000e-03  9.07000000e-01  7.00000000e-03  9.74195787e-01 
 8.00000000e-03  9.08000000e-01  8.00000000e-03  9.84193647e-01 
 9.00000000e-03  9.09000000e-01  9.00000000e-03  9.94191504e-01 
 1.00000000e-02  9.10000000e-01  1.00000000e-02  1.00418936e+00 
 1.10000000e-02  9.11000000e-01  1.10000000e-02  1.01418721e+00 
 1.20000000e-02  9.12000000e-01  1.20000000e-02  1.02418507e+00 
 1.30000000e-02  9.13000000e-01  1.30000000e-02  1.03418292e+00 
 1.40000000e-02  9.14000000e-01  1.40000000e-02  1.04418077e+00 
 1.50000000e-02  9.15000000e-01  1.50000000e-02  1.05417863e+00 
 1.60000000e-02  9.16000000e-01  1.60000000e-02  1.06417648e+00 
 1.70000000e-02  9.17000000e-01  1.70000000e-02  1.07417434e+00 
 1.80000000e-02  9.18000000e-01  1.80000000e-02  1.08417220e+00 
 1.90000000e-02  9.19000000e-01  1.90000000e-02  1.09417006e+00 
 2.00000000e-02  9.20000000e-01  2.00000000e-02  1.10416792e+00 
 2.10000000e-02  9.21000000e-01  2.10000000e-02  1.11416579e+00 
 2.20000000e-02  9.22000000e-01  2.20000000e-02  1.12416366e+00 
 2.30000000e-02  9.23000000e-01  2.30000000e-02  1.13416153e+00 
 2.40000000e-02  9.24000000e-01  2.40000000e-02  1.14415940e+00 
 2.50000000e-02  9.25000000e-01  2.50000000e-02  1.15415728e+00 
 2.60000000e-02  9.26000000e-01  2.60000000e-02  1.16415517e+00 
 2.70000000e-02  9.27000000e-01  2.70000000e-02  1.17415306e+00 
 2.80000000e-02  9.28000000e-01  2.80000000e-02  1.18415095e+00 
 2.90000000e-02  9.29000000e-01  2.90000000e-02  1.19414885e+00 
 3.00000000e-02  9.30000000e-01  3.00000000e-02  1.20414676e+00 
 3.10000000e-02  9.31000000e-01  3.10000000e-02  1.21414467e+00 
 3.20000000e-02  9.32000000e-01  3.20000000e-02  1.22414258e+00 
 3.30000000e-02  9.33000000e-01  3.30000000e-02  1.23414051e+00 
 3.40000000e-02  9.34000000e-01  3.40000000e-02  1.24413844e+00 
 3.50000000e-02  9.35000000e-01  3.50000000e-02  1.25413637e+00 
 3.60000000e-02  9.36000000e-01  3.60000000e-02  1.26413431e+00 
 3.70000000e-02  9.37000000e-01  3.70000000e-02  1.27413226e+00 
 3.80000000e-02  9.38000000e-01  3.80000000e-02  1.28413021e+00 
 3.90000000e-02  9.39000000e-01  3.90000000e-02  1.29412818e+00 
 4.00000000e-02  9.40000000e-01  4.00000000e-02  1.30412614e+00 
 4.10000000e-02  9.41000000e-01  4.10000000e-02  1.31412412e+00 
 4.20000000e-02  9.42000000e-01  4.20000000e-02  1.32412210e+00 
 4.30000000e-02  9.43000000e-01  4.30000000e-02  1.33412009e+00 
 4.40000000e-02  9.44000000e-01  4.40000000e-02  1.34411809e+00 
 4.50000000e-02  9.45000000e-01  4.50000000e-02  1.35411609e+00 
 4.60000000e-02  9.46000000e-01  4.60000000e-02  1.36411410e+00 
 4.70000000e-02  9.47000000e-01  4.70000000e-02  1.37411211e+00 
 4.80000000e-02  9.48000000e-01  4.80000000e-02  1.38411014e+00 
 4.90000000e-02  9.49000000e-01  4.90000000e-02  1.39410817e+00 
 5.00000000e-02  9.50000000e-01  5.00000000e-02  1.40410620e+00 
 5.10000000e-02  9.51000000e-01  5.10000000e-02  1.41410424e+00 
 5.20000000e-02  9.52000000e-01  5.20000000e-02  1.42410229e+00 
 5.30000000e-02  9.53000000e-01  5.30000000e-02  1.43410034e+00 
 5.40000000e-02  9.54000000e-01  5.40000000e-02  1.44409839e+00 
 5.50000000e-02  9.55000000e-01  5.50000000e-02  1.45409645e+00 
 5.60000000e-02  9.56000000e-01  5.60000000e-02  1.46409451e+00 
 5.70000000e-02  9.57000000e-01  5.70000000e-02  1.47409257e+00 
 5.80000000e-02  9.58000000e-01  5.80000000e-02  1.48409064e+00 
 5.90000000e-02  9.59000000e-01  5.90000000e-02  1.49408870e+00 
 6.00000000e-02  9.60000000e-01  6.00000000e-02  1.50408677e+00 
 6.10000000e-02  9.61000000e-01  6.10000000e-02  1.51408483e+00 
 6.20000000e-02  9.62000000e-01  6.20000000e-02  1.52408288e+00 
 6.30000000e-02  9.63000000e-01  6.30000000e-02  1.53408093e+00 
 6.40000000e-02  9.64000000e-01  6.40000000e-02  1.54407897e+00 
 6.50000000e-02  9.65000000e-01  6.50000000e-02  1.55407700e+00 
 6.60000000e-02  9.66000000e-01  6.60000000e-02  1.56407500e+00 
 6.70000000e-02  9.67000000e-01  6.70000000e-02  1.57407298e+00 
 6.80000000e-02  9.68000000e-01  6.80000000e-02  1.58407093e+00 
 6.90000000e-02  9.69000000e-01  6.90000000e-02  1.59406884e+00 
 7.00000000e-02  9.70000000e-01  7.00000000e-02  1.60406670e+00 
 7.10000000e-02  9.71000000e-01  7.10000000e-02  1.61406449e+00 
 7.20000000e-02  9.72000000e-01  7.20000000e-02  1.62406220e+00 
 7.30000000e-02  9.73000000e-01  7.30000000e-02  1.63405980e+00 
 7.40000000e-02  9.74000000e-01  7.40000000e-02  1.64405725e+00 
 7.50000000e-02  9.75000000e-01  7.50000000e-02  1.65405451e+00 
 7.60000000e-02  9.76000000e-01  7.60000000e-02  1.66405151e+00 
 7.70000000e-02  9.77000000e-01  7.70000000e-02  1.67404816e+00 
 7.80000000e-02  9.78000000e-01  7.80000000e-02  1.68404432e+00 
 7.90000000e-02  9.79000000e-01  7.90000000e-02  1.69403979e+00 
 8.00000000e-02  9.80000000e-01  8.00000000e-02  1.70403426e+00 
 8.10000000e-02  9.81000000e-01  8.10000000e-02  1.71402726e+00 
 8.20000000e-02  9.82000000e-01  8.20000000e-02  1.72401803e+00 
 8.30000000e-02  9.83000000e-01  8.30000000e-02  1.73400534e+00 
 8.40000000e-02  9.84000000e-01  8.40000000e-02  1.74398710e+00 
 8.50000000e-02  9.85000000e-01  8.50000000e-02  1.75395970e+00 
 8.60000000e-02  9.86000000e-01  8.60000000e-02  1.76391643e+00 
 8.70000000e-02  9.87000000e-01  8.70000000e-02  1.77384335e+00 
 8.80000000e-02  9.88000000e-01  8.80000000e-02  1.78370313e+00 
 8.90000000e-02  9.89000000e-01  8.90000000e-02  1.79334767e+00 
 9.00000000e-02  9.90000000e-01  9.00000000e-02  1.79975459e+00 
 9.10000000e-02  9.91000000e-01  9.10000000e-02  1.79983287e+00 
 9.20000000e-02  9.92000000e-01  9.20000000e-02  1.79983510e+00 
 9.30000000e-02  9.93000000e-01  9.30000000e-02  1.79983628e+00 
 9.40000000e-02  9.94000000e-01  9.40000000e-02  1.79983708e+00 
 9.50000000e-02  9.95000000e-01  9.50000000e-02  1.79983769e+00 
 9.60000000e-02  9.96000000e-01  9.60000000e-02  1.79983818e+00 
 9.70000000e-02  9.97000000e-01  9.70000000e-02  1.79983859e+00 
 9.80000000e-02  9.98000000e-01  9.80000000e-02  1.79983894e+00 
 9.90000000e-02  9.99000000e-01  9.90000000e-02  1.79983925e+00 
 1.00000000e-01  1.00000000e+00  1.00000000e-01  1.79983952e+00 
