 0.00000000e+00  4.80785881e-14 
 1.00000000e-07  4.80785881e-14 
 2.00000000e-07  4.80785881e-14 
 4.00000000e-07  4.80785881e-14 
 8.00000000e-07  4.80785881e-14 
 1.60000000e-06  4.80785881e-14 
 3.20000000e-06  4.80785881e-14 
 6.40000000e-06  4.80785881e-14 
 1.28000000e-05  4.80785881e-14 
 2.28000000e-05  4.80785881e-14 
 3.28000000e-05  4.80785881e-14 
 4.28000000e-05  4.80785881e-14 
 5.28000000e-05  4.80785881e-14 
 6.28000000e-05  4.80785881e-14 
 7.28000000e-05  4.80785881e-14 
 8.28000000e-05  4.80785881e-14 
 9.28000000e-05  4.80785881e-14 
 1.02800000e-04  4.80785881e-14 
 1.12800000e-04  4.80785881e-14 
 1.22800000e-04  4.80785881e-14 
 1.32800000e-04  4.80785881e-14 
 1.42800000e-04  4.80785881e-14 
 1.52800000e-04  4.80785881e-14 
 1.62800000e-04  4.80785881e-14 
 1.72800000e-04  4.80785881e-14 
 1.82800000e-04  4.80785881e-14 
 1.92800000e-04  4.80785881e-14 
 2.02800000e-04  4.80785881e-14 
 2.12800000e-04  4.80785881e-14 
 2.22800000e-04  4.80785881e-14 
 2.32800000e-04  4.80785881e-14 
 2.42800000e-04  4.80785881e-14 
 2.52800000e-04  4.80785881e-14 
 2.62800000e-04  4.80785881e-14 
 2.72800000e-04  4.80785881e-14 
 2.82800000e-04  4.80785881e-14 
 2.92800000e-04  4.80785881e-14 
 3.02800000e-04  4.80785881e-14 
 3.12800000e-04  4.80785881e-14 
 3.22800000e-04  4.80785881e-14 
 3.32800000e-04  4.80785881e-14 
 3.42800000e-04  4.80785881e-14 
 3.52800000e-04  4.80785881e-14 
 3.62800000e-04  4.80785881e-14 
 3.72800000e-04  4.80785881e-14 
 3.82800000e-04  4.80785881e-14 
 3.92800000e-04  4.80785881e-14 
 4.02800000e-04  4.80785881e-14 
 4.12800000e-04  4.80785881e-14 
 4.22800000e-04  4.80785881e-14 
 4.32800000e-04  4.80785881e-14 
 4.42800000e-04  4.80785881e-14 
 4.52800000e-04  4.80785881e-14 
 4.62800000e-04  4.80785881e-14 
 4.72800000e-04  4.80785881e-14 
 4.82800000e-04  4.80785881e-14 
 4.92800000e-04  4.80785881e-14 
 5.02800000e-04  4.80785881e-14 
 5.12800000e-04  4.80785881e-14 
 5.22800000e-04  4.80785881e-14 
 5.32800000e-04  4.80785881e-14 
 5.42800000e-04  4.80785881e-14 
 5.52800000e-04  4.80785881e-14 
 5.62800000e-04  4.80785881e-14 
 5.72800000e-04  4.80785881e-14 
 5.82800000e-04  4.80785881e-14 
 5.92800000e-04  4.80785881e-14 
 6.02800000e-04  4.80785881e-14 
 6.12800000e-04  4.80785881e-14 
 6.22800000e-04  4.80785881e-14 
 6.32800000e-04  4.80785881e-14 
 6.42800000e-04  4.80785881e-14 
 6.52800000e-04  4.80785881e-14 
 6.62800000e-04  4.80785881e-14 
 6.72800000e-04  4.80785881e-14 
 6.82800000e-04  4.80785881e-14 
 6.92800000e-04  4.80785881e-14 
 7.02800000e-04  4.80785881e-14 
 7.12800000e-04  4.80785881e-14 
 7.22800000e-04  4.80785881e-14 
 7.32800000e-04  4.80785881e-14 
 7.42800000e-04  4.80785881e-14 
 7.52800000e-04  4.80785881e-14 
 7.62800000e-04  4.80785881e-14 
 7.72800000e-04  4.80785881e-14 
 7.82800000e-04  4.80785881e-14 
 7.92800000e-04  4.80785881e-14 
 8.02800000e-04  4.80785881e-14 
 8.12800000e-04  4.80785881e-14 
 8.22800000e-04  4.80785881e-14 
 8.32800000e-04  4.80785881e-14 
 8.42800000e-04  4.80785881e-14 
 8.52800000e-04  4.80785881e-14 
 8.62800000e-04  4.80785881e-14 
 8.72800000e-04  4.80785881e-14 
 8.82800000e-04  4.80785881e-14 
 8.92800000e-04  4.80785881e-14 
 9.02800000e-04  4.80785881e-14 
 9.12800000e-04  4.80785881e-14 
 9.22800000e-04  4.80785881e-14 
 9.32800000e-04  4.80785881e-14 
 9.42800000e-04  4.80785881e-14 
 9.52800000e-04  4.80785881e-14 
 9.62800000e-04  4.80785881e-14 
 9.72800000e-04  4.80785881e-14 
 9.82800000e-04  4.80785881e-14 
 9.92800000e-04  4.80785881e-14 
 1.00000000e-03  4.80785881e-14 
 1.00100000e-03  4.15809531e-12 
 1.00300000e-03  4.14842825e-12 
 1.00700000e-03  4.16434295e-12 
 1.01500000e-03  4.17879294e-12 
 1.02500000e-03  4.22632872e-12 
 1.03500000e-03  4.25503374e-12 
 1.04500000e-03  4.30508488e-12 
 1.05500000e-03  4.33514877e-12 
 1.06500000e-03  4.38638962e-12 
 1.07500000e-03  4.41767246e-12 
 1.08500000e-03  4.47017816e-12 
 1.09500000e-03  4.50275129e-12 
 1.10500000e-03  4.55655063e-12 
 1.11500000e-03  4.59040424e-12 
 1.12500000e-03  4.64546000e-12 
 1.13500000e-03  4.68053932e-12 
 1.14500000e-03  4.73678636e-12 
 1.15500000e-03  4.77302068e-12 
 1.16500000e-03  4.83038583e-12 
 1.17500000e-03  4.86770151e-12 
 1.18500000e-03  4.92611191e-12 
 1.19500000e-03  4.96443768e-12 
 1.20500000e-03  5.02382405e-12 
 1.21500000e-03  5.06309281e-12 
 1.22500000e-03  5.12339028e-12 
 1.23500000e-03  5.16353926e-12 
 1.24500000e-03  5.22468702e-12 
 1.25500000e-03  5.26565730e-12 
 1.26500000e-03  5.32759842e-12 
 1.27500000e-03  5.36933534e-12 
 1.28500000e-03  5.43201766e-12 
 1.29500000e-03  5.47447161e-12 
 1.30500000e-03  5.53784797e-12 
 1.31500000e-03  5.58097395e-12 
 1.32500000e-03  5.64500109e-12 
 1.33500000e-03  5.68875710e-12 
 1.34500000e-03  5.75339384e-12 
 1.35500000e-03  5.79773971e-12 
 1.36500000e-03  5.86294788e-12 
 1.37500000e-03  5.90784789e-12 
 1.38500000e-03  5.97359341e-12 
 1.39500000e-03  6.01901431e-12 
 1.40500000e-03  6.08526483e-12 
 1.41500000e-03  6.13117548e-12 
 1.42500000e-03  6.19790107e-12 
 1.43500000e-03  6.24427266e-12 
 1.44500000e-03  6.31144560e-12 
 1.45500000e-03  6.35825145e-12 
 1.46500000e-03  6.42584604e-12 
 1.47500000e-03  6.47306139e-12 
 1.48500000e-03  6.54105376e-12 
 1.49500000e-03  6.58865563e-12 
 1.50500000e-03  6.65702372e-12 
 1.51500000e-03  6.70499104e-12 
 1.52500000e-03  6.77371493e-12 
 1.53500000e-03  6.82202918e-12 
 1.54500000e-03  6.89109215e-12 
 1.55500000e-03  6.93973900e-12 
 1.56500000e-03  7.00912933e-12 
 1.57500000e-03  7.05810090e-12 
 1.58500000e-03  7.12781583e-12 
 1.59500000e-03  7.17711517e-12 
 1.60500000e-03  7.24716506e-12 
 1.61500000e-03  7.29681129e-12 
 1.62500000e-03  7.36722554e-12 
 1.63500000e-03  7.41725994e-12 
 1.64500000e-03  7.48809335e-12 
 1.65500000e-03  7.53858601e-12 
 1.66500000e-03  7.60992580e-12 
 1.67500000e-03  7.66098304e-12 
 1.68500000e-03  7.73295688e-12 
 1.69500000e-03  7.78473019e-12 
 1.70500000e-03  7.85751615e-12 
 1.71500000e-03  7.91021329e-12 
 1.72500000e-03  7.98405224e-12 
 1.73500000e-03  8.03795178e-12 
 1.74500000e-03  8.11316181e-12 
 1.75500000e-03  8.16862724e-12 
 1.76500000e-03  8.24562356e-12 
 1.77500000e-03  8.30312448e-12 
 1.78500000e-03  8.38243710e-12 
 1.79500000e-03  8.44256939e-12 
 1.80500000e-03  8.52486571e-12 
 1.81500000e-03  8.58837430e-12 
 1.82500000e-03  8.67448288e-12 
 1.83500000e-03  8.74228623e-12 
 1.84500000e-03  8.83322192e-12 
 1.85500000e-03  8.90643795e-12 
 1.86500000e-03  9.00342850e-12 
 1.87500000e-03  9.08340166e-12 
 1.88500000e-03  9.18791523e-12 
 1.89500000e-03  9.27624443e-12 
 1.90500000e-03  9.39001774e-12 
 1.91500000e-03  9.48858465e-12 
 1.92500000e-03  9.61365150e-12 
 1.93500000e-03  9.72464903e-12 
 1.94500000e-03  9.86336838e-12 
 1.95500000e-03  9.98932871e-12 
 1.96500000e-03  1.01444126e-11 
 1.97500000e-03  1.02882343e-11 
 1.98500000e-03  1.04627746e-11 
 1.99500000e-03  1.06277519e-11 
 2.00000000e-03  1.07301038e-11 
 2.00100000e-03  8.22065639e-12 
 2.00300000e-03  8.21784647e-12 
 2.00700000e-03  8.21284029e-12 
 2.01500000e-03  8.20290615e-12 
 2.02500000e-03  8.19076457e-12 
 2.03500000e-03  8.17880824e-12 
 2.04500000e-03  8.16703071e-12 
 2.05500000e-03  8.15531923e-12 
 2.06500000e-03  8.14369899e-12 
 2.07500000e-03  8.13210743e-12 
 2.08500000e-03  8.12061877e-12 
 2.09500000e-03  8.10918594e-12 
 2.10500000e-03  8.09788006e-12 
 2.11500000e-03  8.08664662e-12 
 2.12500000e-03  8.07555253e-12 
 2.13500000e-03  8.06454078e-12 
 2.14500000e-03  8.05367709e-12 
 2.15500000e-03  8.04290271e-12 
 2.16500000e-03  8.03228362e-12 
 2.17500000e-03  8.02176118e-12 
 2.18500000e-03  8.01140162e-12 
 2.19500000e-03  8.00114662e-12 
 2.20500000e-03  7.99103594e-12 
 2.21500000e-03  7.98102211e-12 
 2.22500000e-03  7.97124796e-12 
 2.23500000e-03  7.96153334e-12 
 2.24500000e-03  7.95207292e-12 
 2.25500000e-03  7.94267870e-12 
 2.26500000e-03  7.93354918e-12 
 2.27500000e-03  7.92449686e-12 
 2.28500000e-03  7.91572075e-12 
 2.29500000e-03  7.90703387e-12 
 2.30500000e-03  7.89863584e-12 
 2.31500000e-03  7.89034030e-12 
 2.32500000e-03  7.88234751e-12 
 2.33500000e-03  7.87447146e-12 
 2.34500000e-03  7.86691411e-12 
 2.35500000e-03  7.85948961e-12 
 2.36500000e-03  7.85240074e-12 
 2.37500000e-03  7.84546264e-12 
 2.38500000e-03  7.83887895e-12 
 2.39500000e-03  7.83224481e-12 
 2.40500000e-03  7.82636017e-12 
 2.41500000e-03  7.82031240e-12 
 2.42500000e-03  7.81501505e-12 
 2.43500000e-03  7.80957768e-12 
 2.44500000e-03  7.80490650e-12 
 2.45500000e-03  7.80012613e-12 
 2.46500000e-03  7.79614910e-12 
 2.47500000e-03  7.79208168e-12 
 2.48500000e-03  7.78884592e-12 
 2.49500000e-03  7.78554914e-12 
 2.50500000e-03  7.78311449e-12 
 2.51500000e-03  7.78065038e-12 
 2.52500000e-03  7.77908102e-12 
 2.53500000e-03  7.77751585e-12 
 2.54500000e-03  7.77688008e-12 
 2.55500000e-03  7.77628411e-12 
 2.56500000e-03  7.77665407e-12 
 2.57500000e-03  7.77710120e-12 
 2.58500000e-03  7.77855245e-12 
 2.59500000e-03  7.78011985e-12 
 2.60500000e-03  7.78273111e-12 
 2.61500000e-03  7.78549904e-12 
 2.62500000e-03  7.78935216e-12 
 2.63500000e-03  7.79340417e-12 
 2.64500000e-03  7.79858462e-12 
 2.65500000e-03  7.80400839e-12 
 2.66500000e-03  7.81060640e-12 
 2.67500000e-03  7.81749522e-12 
 2.68500000e-03  7.82560779e-12 
 2.69500000e-03  7.83406310e-12 
 2.70500000e-03  7.84379704e-12 
 2.71500000e-03  7.85393212e-12 
 2.72500000e-03  7.86540847e-12 
 2.73500000e-03  7.87735368e-12 
 2.74500000e-03  7.89071386e-12 
 2.75500000e-03  7.90462367e-12 
 2.76500000e-03  7.92003753e-12 
 2.77500000e-03  7.93609977e-12 
 2.78500000e-03  7.95377594e-12 
 2.79500000e-03  7.97222316e-12 
 2.80500000e-03  7.99242153e-12 
 2.81500000e-03  8.01354457e-12 
 2.82500000e-03  8.03659075e-12 
 2.83500000e-03  8.06075394e-12 
 2.84500000e-03  8.08705502e-12 
 2.85500000e-03  8.11471228e-12 
 2.86500000e-03  8.14477301e-12 
 2.87500000e-03  8.17648387e-12 
 2.88500000e-03  8.21092234e-12 
 2.89500000e-03  8.24736699e-12 
 2.90500000e-03  8.28692893e-12 
 2.91500000e-03  8.32892203e-12 
 2.92500000e-03  8.37449430e-12 
 2.93500000e-03  8.42299829e-12 
 2.94500000e-03  8.47562266e-12 
 2.95500000e-03  8.53176284e-12 
 2.96500000e-03  8.59265300e-12 
 2.97500000e-03  8.65773717e-12 
 2.98500000e-03  8.72830185e-12 
 2.99500000e-03  8.80384760e-12 
 3.00500000e-03  8.88572226e-12 
 3.01500000e-03  8.97349307e-12 
 3.02500000e-03  9.06858015e-12 
 3.03500000e-03  9.17062897e-12 
 3.04500000e-03  9.28114378e-12 
 3.05500000e-03  9.39985987e-12 
 3.06500000e-03  9.52837663e-12 
 3.07500000e-03  9.66652921e-12 
 3.08500000e-03  9.81602091e-12 
 3.09500000e-03  9.97679406e-12 
 3.10500000e-03  1.01506618e-11 
 3.11500000e-03  1.03376785e-11 
 3.12500000e-03  1.05397713e-11 
 3.13500000e-03  1.07571107e-11 
 3.14500000e-03  1.09917431e-11 
 3.15500000e-03  1.12439622e-11 
 3.16500000e-03  1.15159437e-11 
 3.17500000e-03  1.18081187e-11 
 3.18500000e-03  1.21228109e-11 
 3.19500000e-03  1.24606126e-11 
 3.20500000e-03  1.28240250e-11 
 3.21500000e-03  1.32138369e-11 
 3.22500000e-03  1.36327664e-11 
 3.23500000e-03  1.40818427e-11 
 3.24500000e-03  1.45640492e-11 
 3.25500000e-03  1.50807060e-11 
 3.26500000e-03  1.56351151e-11 
 3.27500000e-03  1.62289439e-11 
 3.28500000e-03  1.68658722e-11 
 3.29500000e-03  1.75479785e-11 
 3.30500000e-03  1.82793902e-11 
 3.31500000e-03  1.90626753e-11 
 3.32500000e-03  1.99024982e-11 
 3.33500000e-03  2.08020199e-11 
 3.34500000e-03  2.17665640e-11 
 3.35500000e-03  2.28000287e-11 
 3.36500000e-03  2.39085687e-11 
 3.37500000e-03  2.50970255e-11 
 3.38500000e-03  2.63726317e-11 
 3.39500000e-03  2.77414676e-11 
 3.40500000e-03  2.92122006e-11 
 3.41500000e-03  3.07925838e-11 
 3.42500000e-03  3.24932479e-11 
 3.43500000e-03  3.43242650e-11 
 3.44500000e-03  3.62990225e-11 
 3.45500000e-03  3.84308901e-11 
 3.46500000e-03  4.07372241e-11 
 3.47500000e-03  4.32362013e-11 
 3.48500000e-03  4.59510372e-11 
 3.49500000e-03  4.89070952e-11 
 3.50500000e-03  5.21364627e-11 
 3.51500000e-03  5.56755300e-11 
 3.52500000e-03  5.95701870e-11 
 3.53500000e-03  6.38742286e-11 
 3.54500000e-03  6.86556661e-11 
 3.55500000e-03  7.39966527e-11 
 3.56500000e-03  8.00019021e-11 
 3.57500000e-03  8.68016090e-11 
 3.58500000e-03  9.45642924e-11 
 3.59500000e-03  1.03506688e-10 
 3.60500000e-03  1.13918614e-10 
 3.61500000e-03  1.26195723e-10 
 3.62500000e-03  1.40910625e-10 
 3.63500000e-03  1.58936987e-10 
 3.64500000e-03  1.81679256e-10 
 3.65500000e-03  2.11432686e-10 
 3.66500000e-03  2.52010282e-10 
 3.67500000e-03  3.10113669e-10 
 3.68500000e-03  3.98904864e-10 
 3.69500000e-03  5.49371852e-10 
 3.70500000e-03  8.43919787e-10 
 3.71500000e-03  1.55571384e-09 
 3.72500000e-03  2.98285168e-09 
 3.73500000e-03  3.86680060e-09 
 3.74500000e-03  4.51686788e-09 
 3.75500000e-03  5.70947643e-09 
 3.76500000e-03  7.18481569e-09 
 3.77500000e-03  9.31833745e-09 
 3.78500000e-03  1.23183167e-08 
 3.79500000e-03  1.63962544e-08 
 3.80500000e-03  2.14567304e-08 
 3.81500000e-03  2.67438669e-08 
 3.82500000e-03  3.11451981e-08 
 3.83500000e-03  3.40384484e-08 
 3.84500000e-03  3.55459635e-08 
 3.85500000e-03  3.61897393e-08 
 3.86500000e-03  3.64150128e-08 
 3.87500000e-03  3.64973479e-08 
 3.88500000e-03  3.65134716e-08 
 3.89500000e-03  3.65250409e-08 
 3.90500000e-03  3.65143197e-08 
 3.91500000e-03  3.65185428e-08 
 3.92500000e-03  3.65044596e-08 
 3.93500000e-03  3.65097689e-08 
 3.94500000e-03  3.64957310e-08 
 3.95500000e-03  3.65028462e-08 
 3.96500000e-03  3.64892191e-08 
 3.97500000e-03  3.64977688e-08 
 3.98500000e-03  3.64845025e-08 
 3.99500000e-03  3.64940648e-08 
 4.00500000e-03  3.64810960e-08 
 4.01500000e-03  3.64913375e-08 
 4.02500000e-03  3.64786323e-08 
 4.03500000e-03  3.64893045e-08 
 4.04500000e-03  3.64768502e-08 
 4.05500000e-03  3.64877699e-08 
 4.06500000e-03  3.64755644e-08 
 4.07500000e-03  3.64865968e-08 
 4.08500000e-03  3.64746423e-08 
 4.09500000e-03  3.64856885e-08 
 4.10500000e-03  3.64739880e-08 
 4.11500000e-03  3.64849757e-08 
 4.12500000e-03  3.64735315e-08 
 4.13500000e-03  3.64844082e-08 
 4.14500000e-03  3.64732213e-08 
 4.15500000e-03  3.64839494e-08 
 4.16500000e-03  3.64730196e-08 
 4.17500000e-03  3.64835724e-08 
 4.18500000e-03  3.64728982e-08 
 4.19500000e-03  3.64832570e-08 
 4.20500000e-03  3.64728363e-08 
 4.21500000e-03  3.64829884e-08 
 4.22500000e-03  3.64728186e-08 
 4.23500000e-03  3.64827553e-08 
 4.24500000e-03  3.64728335e-08 
 4.25500000e-03  3.64825494e-08 
 4.26500000e-03  3.64728724e-08 
 4.27500000e-03  3.64823643e-08 
 4.28500000e-03  3.64729291e-08 
 4.29500000e-03  3.64821953e-08 
 4.30500000e-03  3.64729989e-08 
 4.31500000e-03  3.64820387e-08 
 4.32500000e-03  3.64730781e-08 
 4.33500000e-03  3.64818919e-08 
 4.34500000e-03  3.64731643e-08 
 4.35500000e-03  3.64817528e-08 
 4.36500000e-03  3.64732553e-08 
 4.37500000e-03  3.64816198e-08 
 4.38500000e-03  3.64733498e-08 
 4.39500000e-03  3.64814918e-08 
 4.40500000e-03  3.64734465e-08 
 4.41500000e-03  3.64813680e-08 
 4.42500000e-03  3.64735447e-08 
 4.43500000e-03  3.64812478e-08 
 4.44500000e-03  3.64736436e-08 
 4.45500000e-03  3.64811306e-08 
 4.46500000e-03  3.64737427e-08 
 4.47500000e-03  3.64810163e-08 
 4.48500000e-03  3.64738417e-08 
 4.49500000e-03  3.64809045e-08 
 4.50500000e-03  3.64739402e-08 
 4.51500000e-03  3.64807951e-08 
 4.52500000e-03  3.64740379e-08 
 4.53500000e-03  3.64806880e-08 
 4.54500000e-03  3.64741346e-08 
 4.55500000e-03  3.64805831e-08 
 4.56500000e-03  3.64742301e-08 
 4.57500000e-03  3.64804804e-08 
 4.58500000e-03  3.64743243e-08 
 4.59500000e-03  3.64803799e-08 
 4.60500000e-03  3.64744171e-08 
 4.61500000e-03  3.64802816e-08 
 4.62500000e-03  3.64745083e-08 
 4.63500000e-03  3.64801855e-08 
 4.64500000e-03  3.64745979e-08 
 4.65500000e-03  3.64800915e-08 
 4.66500000e-03  3.64746858e-08 
 4.67500000e-03  3.64799997e-08 
 4.68500000e-03  3.64747720e-08 
 4.69500000e-03  3.64799101e-08 
 4.70500000e-03  3.64748563e-08 
 4.71500000e-03  3.64798227e-08 
 4.72500000e-03  3.64749388e-08 
 4.73500000e-03  3.64797375e-08 
 4.74500000e-03  3.64750194e-08 
 4.75500000e-03  3.64796545e-08 
 4.76500000e-03  3.64750981e-08 
 4.77500000e-03  3.64795737e-08 
 4.78500000e-03  3.64751749e-08 
 4.79500000e-03  3.64794950e-08 
 4.80500000e-03  3.64752498e-08 
 4.81500000e-03  3.64794186e-08 
 4.82500000e-03  3.64753228e-08 
 4.83500000e-03  3.64793442e-08 
 4.84500000e-03  3.64753939e-08 
 4.85500000e-03  3.64792720e-08 
 4.86500000e-03  3.64754630e-08 
 4.87500000e-03  3.64792018e-08 
 4.88500000e-03  3.64755303e-08 
 4.89500000e-03  3.64791338e-08 
 4.90500000e-03  3.64755957e-08 
 4.91500000e-03  3.64790678e-08 
 4.92500000e-03  3.64756592e-08 
 4.93500000e-03  3.64790037e-08 
 4.94500000e-03  3.64757209e-08 
 4.95500000e-03  3.64789417e-08 
 4.96500000e-03  3.64757807e-08 
 4.97500000e-03  3.64788816e-08 
 4.98500000e-03  3.64758388e-08 
 4.99500000e-03  3.64788234e-08 
 5.00500000e-03  3.64758951e-08 
 5.01500000e-03  3.64787671e-08 
 5.02500000e-03  3.64759497e-08 
 5.03500000e-03  3.64787125e-08 
 5.04500000e-03  3.64760026e-08 
 5.05500000e-03  3.64786598e-08 
 5.06500000e-03  3.64760538e-08 
 5.07500000e-03  3.64786088e-08 
 5.08500000e-03  3.64761034e-08 
 5.09500000e-03  3.64785595e-08 
 5.10500000e-03  3.64761514e-08 
 5.11500000e-03  3.64785118e-08 
 5.12500000e-03  3.64761978e-08 
 5.13500000e-03  3.64784658e-08 
 5.14500000e-03  3.64762427e-08 
 5.15500000e-03  3.64784213e-08 
 5.16500000e-03  3.64762862e-08 
 5.17500000e-03  3.64783784e-08 
 5.18500000e-03  3.64763282e-08 
 5.19500000e-03  3.64783369e-08 
 5.20500000e-03  3.64763687e-08 
 5.21500000e-03  3.64782969e-08 
 5.22500000e-03  3.64764080e-08 
 5.23500000e-03  3.64782582e-08 
 5.24500000e-03  3.64764458e-08 
 5.25500000e-03  3.64782209e-08 
 5.26500000e-03  3.64764824e-08 
 5.27500000e-03  3.64781850e-08 
 5.28500000e-03  3.64765178e-08 
 5.29500000e-03  3.64781503e-08 
 5.30500000e-03  3.64765519e-08 
 5.31500000e-03  3.64781168e-08 
 5.32500000e-03  3.64765848e-08 
 5.33500000e-03  3.64780845e-08 
 5.34500000e-03  3.64766166e-08 
 5.35500000e-03  3.64780533e-08 
 5.36500000e-03  3.64766473e-08 
 5.37500000e-03  3.64780233e-08 
 5.38500000e-03  3.64766769e-08 
 5.39500000e-03  3.64779943e-08 
 5.40500000e-03  3.64767055e-08 
 5.41500000e-03  3.64779664e-08 
 5.42500000e-03  3.64767331e-08 
 5.43500000e-03  3.64779394e-08 
 5.44500000e-03  3.64767597e-08 
 5.45500000e-03  3.64779135e-08 
 5.46500000e-03  3.64767853e-08 
 5.47500000e-03  3.64778884e-08 
 5.48500000e-03  3.64768101e-08 
 5.49500000e-03  3.64778643e-08 
 5.50500000e-03  3.64768340e-08 
 5.51500000e-03  3.64778410e-08 
 5.52500000e-03  3.64768571e-08 
 5.53500000e-03  3.64778185e-08 
 5.54500000e-03  3.64768793e-08 
 5.55500000e-03  3.64777969e-08 
 5.56500000e-03  3.64769008e-08 
 5.57500000e-03  3.64777760e-08 
 5.58500000e-03  3.64769215e-08 
 5.59500000e-03  3.64777558e-08 
 5.60500000e-03  3.64769415e-08 
 5.61500000e-03  3.64777364e-08 
 5.62500000e-03  3.64769608e-08 
 5.63500000e-03  3.64777176e-08 
 5.64500000e-03  3.64769794e-08 
 5.65500000e-03  3.64776995e-08 
 5.66500000e-03  3.64769973e-08 
 5.67500000e-03  3.64776820e-08 
 5.68500000e-03  3.64770147e-08 
 5.69500000e-03  3.64776651e-08 
 5.70500000e-03  3.64770314e-08 
 5.71500000e-03  3.64776489e-08 
 5.72500000e-03  3.64770476e-08 
 5.73500000e-03  3.64776331e-08 
 5.74500000e-03  3.64770632e-08 
 5.75500000e-03  3.64776180e-08 
 5.76500000e-03  3.64770783e-08 
 5.77500000e-03  3.64776033e-08 
 5.78500000e-03  3.64770929e-08 
 5.79500000e-03  3.64775891e-08 
 5.80500000e-03  3.64771070e-08 
 5.81500000e-03  3.64775754e-08 
 5.82500000e-03  3.64771206e-08 
 5.83500000e-03  3.64775622e-08 
 5.84500000e-03  3.64771337e-08 
 5.85500000e-03  3.64775494e-08 
 5.86500000e-03  3.64771465e-08 
 5.87500000e-03  3.64775370e-08 
 5.88500000e-03  3.64771588e-08 
 5.89500000e-03  3.64775250e-08 
 5.90500000e-03  3.64771707e-08 
 5.91500000e-03  3.64775135e-08 
 5.92500000e-03  3.64771822e-08 
 5.93500000e-03  3.64775022e-08 
 5.94500000e-03  3.64771933e-08 
 5.95500000e-03  3.64774914e-08 
 5.96500000e-03  3.64772041e-08 
 5.97500000e-03  3.64774809e-08 
 5.98500000e-03  3.64772146e-08 
 5.99500000e-03  3.64774707e-08 
 6.00500000e-03  3.64772247e-08 
 6.01500000e-03  3.64774608e-08 
 6.02500000e-03  3.64772345e-08 
 6.03500000e-03  3.64774513e-08 
 6.04500000e-03  3.64772440e-08 
 6.05500000e-03  3.64774420e-08 
 6.06500000e-03  3.64772532e-08 
 6.07500000e-03  3.64774331e-08 
 6.08500000e-03  3.64772621e-08 
 6.09500000e-03  3.64774243e-08 
 6.10500000e-03  3.64772707e-08 
 6.11500000e-03  3.64774159e-08 
 6.12500000e-03  3.64772791e-08 
 6.13500000e-03  3.64774077e-08 
 6.14500000e-03  3.64772873e-08 
 6.15500000e-03  3.64773997e-08 
 6.16500000e-03  3.64772952e-08 
 6.17500000e-03  3.64773920e-08 
 6.18500000e-03  3.64773028e-08 
 6.19500000e-03  3.64773845e-08 
 6.20500000e-03  3.64773103e-08 
 6.21500000e-03  3.64773772e-08 
 6.22500000e-03  3.64773175e-08 
 6.23500000e-03  3.64773701e-08 
 6.24500000e-03  3.64773246e-08 
 6.25500000e-03  3.64773633e-08 
 6.26500000e-03  3.64773314e-08 
 6.27500000e-03  3.64773566e-08 
 6.28500000e-03  3.64773380e-08 
 6.29500000e-03  3.64773501e-08 
 6.30500000e-03  3.64773445e-08 
 6.31500000e-03  3.64773437e-08 
 6.32500000e-03  3.64773507e-08 
 6.33500000e-03  3.64773376e-08 
 6.34500000e-03  3.64773568e-08 
 6.35500000e-03  3.64773316e-08 
 6.36500000e-03  3.64773628e-08 
 6.37500000e-03  3.64773258e-08 
 6.38500000e-03  3.64773686e-08 
 6.39500000e-03  3.64773201e-08 
 6.40500000e-03  3.64773742e-08 
 6.41500000e-03  3.64773146e-08 
 6.42500000e-03  3.64773796e-08 
 6.43500000e-03  3.64773092e-08 
 6.44500000e-03  3.64773850e-08 
 6.45500000e-03  3.64773039e-08 
 6.46500000e-03  3.64773902e-08 
 6.47500000e-03  3.64772988e-08 
 6.48500000e-03  3.64773952e-08 
 6.49500000e-03  3.64772939e-08 
 6.50500000e-03  3.64774001e-08 
 6.51500000e-03  3.64772890e-08 
 6.52500000e-03  3.64774049e-08 
 6.53500000e-03  3.64772843e-08 
 6.54500000e-03  3.64774096e-08 
 6.55500000e-03  3.64772797e-08 
 6.56500000e-03  3.64774142e-08 
 6.57500000e-03  3.64772752e-08 
 6.58500000e-03  3.64774186e-08 
 6.59500000e-03  3.64772708e-08 
 6.60500000e-03  3.64774229e-08 
 6.61500000e-03  3.64772665e-08 
 6.62500000e-03  3.64774271e-08 
 6.63500000e-03  3.64772624e-08 
 6.64500000e-03  3.64774312e-08 
 6.65500000e-03  3.64772583e-08 
 6.66500000e-03  3.64774353e-08 
 6.67500000e-03  3.64772543e-08 
 6.68500000e-03  3.64774392e-08 
 6.69500000e-03  3.64772505e-08 
 6.70500000e-03  3.64774430e-08 
 6.71500000e-03  3.64772467e-08 
 6.72500000e-03  3.64774467e-08 
 6.73500000e-03  3.64772430e-08 
 6.74500000e-03  3.64774503e-08 
 6.75500000e-03  3.64772394e-08 
 6.76500000e-03  3.64774539e-08 
 6.77500000e-03  3.64772359e-08 
 6.78500000e-03  3.64774573e-08 
 6.79500000e-03  3.64772325e-08 
 6.80500000e-03  3.64774607e-08 
 6.81500000e-03  3.64772291e-08 
 6.82500000e-03  3.64774640e-08 
 6.83500000e-03  3.64772259e-08 
 6.84500000e-03  3.64774672e-08 
 6.85500000e-03  3.64772227e-08 
 6.86500000e-03  3.64774703e-08 
 6.87500000e-03  3.64772196e-08 
 6.88500000e-03  3.64774734e-08 
 6.89500000e-03  3.64772165e-08 
 6.90500000e-03  3.64774764e-08 
 6.91500000e-03  3.64772136e-08 
 6.92500000e-03  3.64774793e-08 
 6.93500000e-03  3.64772107e-08 
 6.94500000e-03  3.64774821e-08 
 6.95500000e-03  3.64772079e-08 
 6.96500000e-03  3.64774849e-08 
 6.97500000e-03  3.64772051e-08 
 6.98500000e-03  3.64774876e-08 
 6.99500000e-03  3.64772024e-08 
 7.00500000e-03  3.64774902e-08 
 7.01500000e-03  3.64771998e-08 
 7.02500000e-03  3.64774928e-08 
 7.03500000e-03  3.64771972e-08 
 7.04500000e-03  3.64774953e-08 
 7.05500000e-03  3.64771947e-08 
 7.06500000e-03  3.64774978e-08 
 7.07500000e-03  3.64771923e-08 
 7.08500000e-03  3.64775002e-08 
 7.09500000e-03  3.64771899e-08 
 7.10500000e-03  3.64775025e-08 
 7.11500000e-03  3.64771876e-08 
 7.12500000e-03  3.64775048e-08 
 7.13500000e-03  3.64771853e-08 
 7.14500000e-03  3.64775070e-08 
 7.15500000e-03  3.64771831e-08 
 7.16500000e-03  3.64775092e-08 
 7.17500000e-03  3.64771809e-08 
 7.18500000e-03  3.64775113e-08 
 7.19500000e-03  3.64771788e-08 
 7.20500000e-03  3.64775134e-08 
 7.21500000e-03  3.64771768e-08 
 7.22500000e-03  3.64775154e-08 
 7.23500000e-03  3.64771748e-08 
 7.24500000e-03  3.64775173e-08 
 7.25500000e-03  3.64771728e-08 
 7.26500000e-03  3.64775193e-08 
 7.27500000e-03  3.64771709e-08 
 7.28500000e-03  3.64775211e-08 
 7.29500000e-03  3.64771690e-08 
 7.30500000e-03  3.64775229e-08 
 7.31500000e-03  3.64771672e-08 
 7.32500000e-03  3.64775247e-08 
 7.33500000e-03  3.64771654e-08 
 7.34500000e-03  3.64775265e-08 
 7.35500000e-03  3.64771637e-08 
 7.36500000e-03  3.64775281e-08 
 7.37500000e-03  3.64771620e-08 
 7.38500000e-03  3.64775298e-08 
 7.39500000e-03  3.64771604e-08 
 7.40500000e-03  3.64775314e-08 
 7.41500000e-03  3.64771588e-08 
 7.42500000e-03  3.64775329e-08 
 7.43500000e-03  3.64771572e-08 
 7.44500000e-03  3.64775345e-08 
 7.45500000e-03  3.64771557e-08 
 7.46500000e-03  3.64775359e-08 
 7.47500000e-03  3.64771542e-08 
 7.48500000e-03  3.64775374e-08 
 7.49500000e-03  3.64771528e-08 
 7.50500000e-03  3.64775388e-08 
 7.51500000e-03  3.64771514e-08 
 7.52500000e-03  3.64775402e-08 
 7.53500000e-03  3.64771500e-08 
 7.54500000e-03  3.64775415e-08 
 7.55500000e-03  3.64771487e-08 
 7.56500000e-03  3.64775428e-08 
 7.57500000e-03  3.64771474e-08 
 7.58500000e-03  3.64775441e-08 
 7.59500000e-03  3.64771461e-08 
 7.60500000e-03  3.64775453e-08 
 7.61500000e-03  3.64771449e-08 
 7.62500000e-03  3.64775465e-08 
 7.63500000e-03  3.64771437e-08 
 7.64500000e-03  3.64775477e-08 
 7.65500000e-03  3.64771425e-08 
 7.66500000e-03  3.64775488e-08 
 7.67500000e-03  3.64771414e-08 
 7.68500000e-03  3.64775499e-08 
 7.69500000e-03  3.64771403e-08 
 7.70500000e-03  3.64775510e-08 
 7.71500000e-03  3.64771392e-08 
 7.72500000e-03  3.64775520e-08 
 7.73500000e-03  3.64771382e-08 
 7.74500000e-03  3.64775530e-08 
 7.75500000e-03  3.64771372e-08 
 7.76500000e-03  3.64775540e-08 
 7.77500000e-03  3.64771362e-08 
 7.78500000e-03  3.64775549e-08 
 7.79500000e-03  3.64771352e-08 
 7.80500000e-03  3.64775559e-08 
 7.81500000e-03  3.64771343e-08 
 7.82500000e-03  3.64775568e-08 
 7.83500000e-03  3.64771334e-08 
 7.84500000e-03  3.64775576e-08 
 7.85500000e-03  3.64771325e-08 
 7.86500000e-03  3.64775585e-08 
 7.87500000e-03  3.64771317e-08 
 7.88500000e-03  3.64775593e-08 
 7.89500000e-03  3.64771308e-08 
 7.90500000e-03  3.64775601e-08 
 7.91500000e-03  3.64771300e-08 
 7.92500000e-03  3.64775609e-08 
 7.93500000e-03  3.64771293e-08 
 7.94500000e-03  3.64775617e-08 
 7.95500000e-03  3.64771285e-08 
 7.96500000e-03  3.64775624e-08 
 7.97500000e-03  3.64771278e-08 
 7.98500000e-03  3.64775631e-08 
 7.99500000e-03  3.64771271e-08 
 8.00500000e-03  3.64775638e-08 
 8.01500000e-03  3.64771264e-08 
 8.02500000e-03  3.64775644e-08 
 8.03500000e-03  3.64771257e-08 
 8.04500000e-03  3.64775651e-08 
 8.05500000e-03  3.64771251e-08 
 8.06500000e-03  3.64775657e-08 
 8.07500000e-03  3.64771245e-08 
 8.08500000e-03  3.64775663e-08 
 8.09500000e-03  3.64771239e-08 
 8.10500000e-03  3.64775669e-08 
 8.11500000e-03  3.64771233e-08 
 8.12500000e-03  3.64775674e-08 
 8.13500000e-03  3.64771227e-08 
 8.14500000e-03  3.64775680e-08 
 8.15500000e-03  3.64771222e-08 
 8.16500000e-03  3.64775685e-08 
 8.17500000e-03  3.64771216e-08 
 8.18500000e-03  3.64775690e-08 
 8.19500000e-03  3.64771211e-08 
 8.20500000e-03  3.64775695e-08 
 8.21500000e-03  3.64771206e-08 
 8.22500000e-03  3.64775700e-08 
 8.23500000e-03  3.64771202e-08 
 8.24500000e-03  3.64775704e-08 
 8.25500000e-03  3.64771197e-08 
 8.26500000e-03  3.64775709e-08 
 8.27500000e-03  3.64771193e-08 
 8.28500000e-03  3.64775713e-08 
 8.29500000e-03  3.64771188e-08 
 8.30500000e-03  3.64775717e-08 
 8.31500000e-03  3.64771184e-08 
 8.32500000e-03  3.64775721e-08 
 8.33500000e-03  3.64771180e-08 
 8.34500000e-03  3.64775725e-08 
 8.35500000e-03  3.64771177e-08 
 8.36500000e-03  3.64775728e-08 
 8.37500000e-03  3.64771173e-08 
 8.38500000e-03  3.64775732e-08 
 8.39500000e-03  3.64771170e-08 
 8.40500000e-03  3.64775735e-08 
 8.41500000e-03  3.64771166e-08 
 8.42500000e-03  3.64775738e-08 
 8.43500000e-03  3.64771163e-08 
 8.44500000e-03  3.64775741e-08 
 8.45500000e-03  3.64771160e-08 
 8.46500000e-03  3.64775744e-08 
 8.47500000e-03  3.64771157e-08 
 8.48500000e-03  3.64775747e-08 
 8.49500000e-03  3.64771154e-08 
 8.50500000e-03  3.64775750e-08 
 8.51500000e-03  3.64771152e-08 
 8.52500000e-03  3.64775752e-08 
 8.53500000e-03  3.64771149e-08 
 8.54500000e-03  3.64775755e-08 
 8.55500000e-03  3.64771147e-08 
 8.56500000e-03  3.64775757e-08 
 8.57500000e-03  3.64771144e-08 
 8.58500000e-03  3.64775759e-08 
 8.59500000e-03  3.64771142e-08 
 8.60500000e-03  3.64775761e-08 
 8.61500000e-03  3.64771140e-08 
 8.62500000e-03  3.64775763e-08 
 8.63500000e-03  3.64771138e-08 
 8.64500000e-03  3.64775765e-08 
 8.65500000e-03  3.64771136e-08 
 8.66500000e-03  3.64775767e-08 
 8.67500000e-03  3.64771134e-08 
 8.68500000e-03  3.64775768e-08 
 8.69500000e-03  3.64771133e-08 
 8.70500000e-03  3.64775770e-08 
 8.71500000e-03  3.64771131e-08 
 8.72500000e-03  3.64775771e-08 
 8.73500000e-03  3.64771130e-08 
 8.74500000e-03  3.64775773e-08 
 8.75500000e-03  3.64771129e-08 
 8.76500000e-03  3.64775774e-08 
 8.77500000e-03  3.64771127e-08 
 8.78500000e-03  3.64775775e-08 
 8.79500000e-03  3.64771126e-08 
 8.80500000e-03  3.64775776e-08 
 8.81500000e-03  3.64771125e-08 
 8.82500000e-03  3.64775777e-08 
 8.83500000e-03  3.64771124e-08 
 8.84500000e-03  3.64775778e-08 
 8.85500000e-03  3.64771123e-08 
 8.86500000e-03  3.64775779e-08 
 8.87500000e-03  3.64771122e-08 
 8.88500000e-03  3.64775780e-08 
 8.89500000e-03  3.64771122e-08 
 8.90500000e-03  3.64775780e-08 
 8.91500000e-03  3.64771121e-08 
 8.92500000e-03  3.64775781e-08 
 8.93500000e-03  3.64771121e-08 
 8.94500000e-03  3.64775781e-08 
 8.95500000e-03  3.64771120e-08 
 8.96500000e-03  3.64775782e-08 
 8.97500000e-03  3.64771120e-08 
 8.98500000e-03  3.64775782e-08 
 8.99500000e-03  3.64771119e-08 
 9.00500000e-03  3.64775782e-08 
 9.01500000e-03  3.64771119e-08 
 9.02500000e-03  3.64775782e-08 
 9.03500000e-03  3.64771119e-08 
 9.04500000e-03  3.64775782e-08 
 9.05500000e-03  3.64771119e-08 
 9.06500000e-03  3.64775782e-08 
 9.07500000e-03  3.64771119e-08 
 9.08500000e-03  3.64775782e-08 
 9.09500000e-03  3.64771119e-08 
 9.10500000e-03  3.64775782e-08 
 9.11500000e-03  3.64771119e-08 
 9.12500000e-03  3.64775782e-08 
 9.13500000e-03  3.64771119e-08 
 9.14500000e-03  3.64775782e-08 
 9.15500000e-03  3.64771119e-08 
 9.16500000e-03  3.64775782e-08 
 9.17500000e-03  3.64771120e-08 
 9.18500000e-03  3.64775781e-08 
 9.19500000e-03  3.64771120e-08 
 9.20500000e-03  3.64775781e-08 
 9.21500000e-03  3.64771121e-08 
 9.22500000e-03  3.64775780e-08 
 9.23500000e-03  3.64771121e-08 
 9.24500000e-03  3.64775780e-08 
 9.25500000e-03  3.64771122e-08 
 9.26500000e-03  3.64775779e-08 
 9.27500000e-03  3.64771122e-08 
 9.28500000e-03  3.64775779e-08 
 9.29500000e-03  3.64771123e-08 
 9.30500000e-03  3.64775778e-08 
 9.31500000e-03  3.64771124e-08 
 9.32500000e-03  3.64775777e-08 
 9.33500000e-03  3.64771124e-08 
 9.34500000e-03  3.64775776e-08 
 9.35500000e-03  3.64771125e-08 
 9.36500000e-03  3.64775776e-08 
 9.37500000e-03  3.64771126e-08 
 9.38500000e-03  3.64775775e-08 
 9.39500000e-03  3.64771127e-08 
 9.40500000e-03  3.64775774e-08 
 9.41500000e-03  3.64771128e-08 
 9.42500000e-03  3.64775773e-08 
 9.43500000e-03  3.64771129e-08 
 9.44500000e-03  3.64775772e-08 
 9.45500000e-03  3.64771130e-08 
 9.46500000e-03  3.64775771e-08 
 9.47500000e-03  3.64771131e-08 
 9.48500000e-03  3.64775770e-08 
 9.49500000e-03  3.64771132e-08 
 9.50500000e-03  3.64775768e-08 
 9.51500000e-03  3.64771133e-08 
 9.52500000e-03  3.64775767e-08 
 9.53500000e-03  3.64771134e-08 
 9.54500000e-03  3.64775766e-08 
 9.55500000e-03  3.64771136e-08 
 9.56500000e-03  3.64775765e-08 
 9.57500000e-03  3.64771137e-08 
 9.58500000e-03  3.64775763e-08 
 9.59500000e-03  3.64771138e-08 
 9.60500000e-03  3.64775762e-08 
 9.61500000e-03  3.64771140e-08 
 9.62500000e-03  3.64775761e-08 
 9.63500000e-03  3.64771141e-08 
 9.64500000e-03  3.64775759e-08 
 9.65500000e-03  3.64771143e-08 
 9.66500000e-03  3.64775758e-08 
 9.67500000e-03  3.64771144e-08 
 9.68500000e-03  3.64775756e-08 
 9.69500000e-03  3.64771146e-08 
 9.70500000e-03  3.64775755e-08 
 9.71500000e-03  3.64771147e-08 
 9.72500000e-03  3.64775753e-08 
 9.73500000e-03  3.64771149e-08 
 9.74500000e-03  3.64775751e-08 
 9.75500000e-03  3.64771150e-08 
 9.76500000e-03  3.64775750e-08 
 9.77500000e-03  3.64771152e-08 
 9.78500000e-03  3.64775748e-08 
 9.79500000e-03  3.64771154e-08 
 9.80500000e-03  3.64775746e-08 
 9.81500000e-03  3.64771156e-08 
 9.82500000e-03  3.64775745e-08 
 9.83500000e-03  3.64771157e-08 
 9.84500000e-03  3.64775743e-08 
 9.85500000e-03  3.64771159e-08 
 9.86500000e-03  3.64775741e-08 
 9.87500000e-03  3.64771161e-08 
 9.88500000e-03  3.64775739e-08 
 9.89500000e-03  3.64771163e-08 
 9.90500000e-03  3.64775737e-08 
 9.91500000e-03  3.64771165e-08 
 9.92500000e-03  3.64775736e-08 
 9.93500000e-03  3.64771167e-08 
 9.94500000e-03  3.64775734e-08 
 9.95500000e-03  3.64771169e-08 
 9.96500000e-03  3.64775732e-08 
 9.97500000e-03  3.64771170e-08 
 9.98500000e-03  3.64775730e-08 
 9.99500000e-03  3.64771172e-08 
 1.00000000e-02  3.64775725e-08 
