-5.50000000e+01  2.08786760e-08 
-5.40000000e+01  2.11136836e-08 
-5.30000000e+01  2.13476568e-08 
-5.20000000e+01  2.15805966e-08 
-5.10000000e+01  2.18124831e-08 
-5.00000000e+01  2.20433029e-08 
-4.90000000e+01  2.22730439e-08 
-4.80000000e+01  2.25016945e-08 
-4.70000000e+01  2.27292444e-08 
-4.60000000e+01  2.29556840e-08 
-4.50000000e+01  2.31810047e-08 
-4.40000000e+01  2.34051987e-08 
-4.30000000e+01  2.36282590e-08 
-4.20000000e+01  2.38501793e-08 
-4.10000000e+01  2.40709542e-08 
-4.00000000e+01  2.42905788e-08 
-3.90000000e+01  2.45090491e-08 
-3.80000000e+01  2.47263616e-08 
-3.70000000e+01  2.49425134e-08 
-3.60000000e+01  2.51575023e-08 
-3.50000000e+01  2.53713267e-08 
-3.40000000e+01  2.55839854e-08 
-3.30000000e+01  2.57954777e-08 
-3.20000000e+01  2.60058036e-08 
-3.10000000e+01  2.62149634e-08 
-3.00000000e+01  2.64229578e-08 
-2.90000000e+01  2.66297879e-08 
-2.80000000e+01  2.68354554e-08 
-2.70000000e+01  2.70399621e-08 
-2.60000000e+01  2.72433103e-08 
-2.50000000e+01  2.74455026e-08 
-2.40000000e+01  2.76465419e-08 
-2.30000000e+01  2.78464312e-08 
-2.20000000e+01  2.80451741e-08 
-2.10000000e+01  2.82427741e-08 
-2.00000000e+01  2.84392351e-08 
-1.90000000e+01  2.86345612e-08 
-1.80000000e+01  2.88287566e-08 
-1.70000000e+01  2.90218257e-08 
-1.60000000e+01  2.92137731e-08 
-1.50000000e+01  2.94046035e-08 
-1.40000000e+01  2.95943216e-08 
-1.30000000e+01  2.97829325e-08 
-1.20000000e+01  2.99704410e-08 
-1.10000000e+01  3.01568523e-08 
-1.00000000e+01  3.03421715e-08 
-9.00000000e+00  3.05264037e-08 
-8.00000000e+00  3.07095543e-08 
-7.00000000e+00  3.08916284e-08 
-6.00000000e+00  3.10726314e-08 
-5.00000000e+00  3.12525685e-08 
-4.00000000e+00  3.14314450e-08 
-3.00000000e+00  3.16092661e-08 
-2.00000000e+00  3.17860371e-08 
-1.00000000e+00  3.19617633e-08 
 0.00000000e+00  3.21364498e-08 
 1.00000000e+00  3.23101018e-08 
 2.00000000e+00  3.24827243e-08 
 3.00000000e+00  3.26543225e-08 
 4.00000000e+00  3.28249013e-08 
 5.00000000e+00  3.29944657e-08 
 6.00000000e+00  3.31630205e-08 
 7.00000000e+00  3.33305707e-08 
 8.00000000e+00  3.34971208e-08 
 9.00000000e+00  3.36626756e-08 
 1.00000000e+01  3.38272398e-08 
 1.10000000e+01  3.39908177e-08 
 1.20000000e+01  3.41534140e-08 
 1.30000000e+01  3.43150328e-08 
 1.40000000e+01  3.44756786e-08 
 1.50000000e+01  3.46353556e-08 
 1.60000000e+01  3.47940679e-08 
 1.70000000e+01  3.49518195e-08 
 1.80000000e+01  3.51086145e-08 
 1.90000000e+01  3.52644568e-08 
 2.00000000e+01  3.54193502e-08 
 2.10000000e+01  3.55732985e-08 
 2.20000000e+01  3.57263055e-08 
 2.30000000e+01  3.58783748e-08 
 2.40000000e+01  3.60295100e-08 
 2.50000000e+01  3.61797146e-08 
 2.60000000e+01  3.63289921e-08 
 2.70000000e+01  3.64773461e-08 
 2.80000000e+01  3.66247798e-08 
 2.90000000e+01  3.67712966e-08 
 3.00000000e+01  3.69168999e-08 
 3.10000000e+01  3.70615930e-08 
 3.20000000e+01  3.72053791e-08 
 3.30000000e+01  3.73482616e-08 
 3.40000000e+01  3.74902437e-08 
 3.50000000e+01  3.76313286e-08 
 3.60000000e+01  3.77715197e-08 
 3.70000000e+01  3.79108201e-08 
 3.80000000e+01  3.80492334e-08 
 3.90000000e+01  3.81867627e-08 
 4.00000000e+01  3.83234114e-08 
 4.10000000e+01  3.84591831e-08 
 4.20000000e+01  3.85940812e-08 
 4.30000000e+01  3.87281093e-08 
 4.40000000e+01  3.88612711e-08 
 4.50000000e+01  3.89935703e-08 
 4.60000000e+01  3.91250109e-08 
 4.70000000e+01  3.92555968e-08 
 4.80000000e+01  3.93853323e-08 
 4.90000000e+01  3.95142216e-08 
 5.00000000e+01  3.96422693e-08 
 5.10000000e+01  3.97694801e-08 
 5.20000000e+01  3.98958589e-08 
 5.30000000e+01  4.00214109e-08 
 5.40000000e+01  4.01461416e-08 
 5.50000000e+01  4.02700567e-08 
 5.60000000e+01  4.03931623e-08 
 5.70000000e+01  4.05154647e-08 
 5.80000000e+01  4.06369709e-08 
 5.90000000e+01  4.07576880e-08 
 6.00000000e+01  4.08776237e-08 
 6.10000000e+01  4.09967862e-08 
 6.20000000e+01  4.11151841e-08 
 6.30000000e+01  4.12328269e-08 
 6.40000000e+01  4.13497243e-08 
 6.50000000e+01  4.14658870e-08 
 6.60000000e+01  4.15813263e-08 
 6.70000000e+01  4.16960543e-08 
 6.80000000e+01  4.18100841e-08 
 6.90000000e+01  4.19234296e-08 
 7.00000000e+01  4.20361056e-08 
 7.10000000e+01  4.21481283e-08 
 7.20000000e+01  4.22595148e-08 
 7.30000000e+01  4.23702836e-08 
 7.40000000e+01  4.24804544e-08 
 7.50000000e+01  4.25900486e-08 
 7.60000000e+01  4.26990889e-08 
 7.70000000e+01  4.28076001e-08 
 7.80000000e+01  4.29156084e-08 
 7.90000000e+01  4.30231421e-08 
 8.00000000e+01  4.31302319e-08 
 8.10000000e+01  4.32369102e-08 
 8.20000000e+01  4.33432125e-08 
 8.30000000e+01  4.34491764e-08 
 8.40000000e+01  4.35548424e-08 
 8.50000000e+01  4.36602544e-08 
 8.60000000e+01  4.37654589e-08 
 8.70000000e+01  4.38705064e-08 
 8.80000000e+01  4.39754508e-08 
 8.90000000e+01  4.40803501e-08 
 9.00000000e+01  4.41852665e-08 
 9.10000000e+01  4.42902666e-08 
 9.20000000e+01  4.43954220e-08 
 9.30000000e+01  4.45008094e-08 
 9.40000000e+01  4.46065111e-08 
 9.50000000e+01  4.47126151e-08 
 9.60000000e+01  4.48192158e-08 
 9.70000000e+01  4.49264141e-08 
 9.80000000e+01  4.50343182e-08 
 9.90000000e+01  4.51430437e-08 
 1.00000000e+02  4.52527142e-08 
 1.01000000e+02  4.53634619e-08 
 1.02000000e+02  4.54754278e-08 
 1.03000000e+02  4.55887628e-08 
 1.04000000e+02  4.57036277e-08 
 1.05000000e+02  4.58201939e-08 
 1.06000000e+02  4.59386444e-08 
 1.07000000e+02  4.60591740e-08 
 1.08000000e+02  4.61819901e-08 
 1.09000000e+02  4.63073136e-08 
 1.10000000e+02  4.64353793e-08 
 1.11000000e+02  4.65664368e-08 
 1.12000000e+02  4.67007512e-08 
 1.13000000e+02  4.68386039e-08 
 1.14000000e+02  4.69802934e-08 
 1.15000000e+02  4.71261362e-08 
 1.16000000e+02  4.72764675e-08 
 1.17000000e+02  4.74316419e-08 
 1.18000000e+02  4.75920346e-08 
 1.19000000e+02  4.77580421e-08 
 1.20000000e+02  4.79300830e-08 
 1.21000000e+02  4.81085989e-08 
 1.22000000e+02  4.82940550e-08 
 1.23000000e+02  4.84869417e-08 
 1.24000000e+02  4.86877743e-08 
 1.25000000e+02  4.88970948e-08 
