 1.00000000e-03 -4.49426194e+01 
 1.02329299e-03 -4.47426165e+01 
 1.04712855e-03 -4.45426135e+01 
 1.07151931e-03 -4.43426103e+01 
 1.09647820e-03 -4.41426069e+01 
 1.12201845e-03 -4.39426034e+01 
 1.14815362e-03 -4.37425998e+01 
 1.17489755e-03 -4.35425959e+01 
 1.20226443e-03 -4.33425919e+01 
 1.23026877e-03 -4.31425877e+01 
 1.25892541e-03 -4.29425833e+01 
 1.28824955e-03 -4.27425787e+01 
 1.31825674e-03 -4.25425739e+01 
 1.34896288e-03 -4.23425689e+01 
 1.38038426e-03 -4.21425636e+01 
 1.41253754e-03 -4.19425580e+01 
 1.44543977e-03 -4.17425522e+01 
 1.47910839e-03 -4.15425462e+01 
 1.51356125e-03 -4.13425398e+01 
 1.54881662e-03 -4.11425331e+01 
 1.58489319e-03 -4.09425262e+01 
 1.62181010e-03 -4.07425189e+01 
 1.65958691e-03 -4.05425112e+01 
 1.69824365e-03 -4.03425032e+01 
 1.73780083e-03 -4.01424949e+01 
 1.77827941e-03 -3.99424861e+01 
 1.81970086e-03 -3.97424769e+01 
 1.86208714e-03 -3.95424673e+01 
 1.90546072e-03 -3.93424572e+01 
 1.94984460e-03 -3.91424466e+01 
 1.99526231e-03 -3.89424356e+01 
 2.04173794e-03 -3.87424240e+01 
 2.08929613e-03 -3.85424119e+01 
 2.13796209e-03 -3.83423993e+01 
 2.18776162e-03 -3.81423860e+01 
 2.23872114e-03 -3.79423721e+01 
 2.29086765e-03 -3.77423575e+01 
 2.34422882e-03 -3.75423423e+01 
 2.39883292e-03 -3.73423263e+01 
 2.45470892e-03 -3.71423096e+01 
 2.51188643e-03 -3.69422921e+01 
 2.57039578e-03 -3.67422738e+01 
 2.63026799e-03 -3.65422546e+01 
 2.69153480e-03 -3.63422345e+01 
 2.75422870e-03 -3.61422135e+01 
 2.81838293e-03 -3.59421915e+01 
 2.88403150e-03 -3.57421684e+01 
 2.95120923e-03 -3.55421443e+01 
 3.01995172e-03 -3.53421190e+01 
 3.09029543e-03 -3.51420926e+01 
 3.16227766e-03 -3.49420649e+01 
 3.23593657e-03 -3.47420358e+01 
 3.31131121e-03 -3.45420055e+01 
 3.38844156e-03 -3.43419737e+01 
 3.46736850e-03 -3.41419404e+01 
 3.54813389e-03 -3.39419055e+01 
 3.63078055e-03 -3.37418690e+01 
 3.71535229e-03 -3.35418308e+01 
 3.80189396e-03 -3.33417908e+01 
 3.89045145e-03 -3.31417489e+01 
 3.98107171e-03 -3.29417050e+01 
 4.07380278e-03 -3.27416591e+01 
 4.16869383e-03 -3.25416110e+01 
 4.26579519e-03 -3.23415607e+01 
 4.36515832e-03 -3.21415079e+01 
 4.46683592e-03 -3.19414528e+01 
 4.57088190e-03 -3.17413950e+01 
 4.67735141e-03 -3.15413345e+01 
 4.78630092e-03 -3.13412712e+01 
 4.89778819e-03 -3.11412049e+01 
 5.01187234e-03 -3.09411355e+01 
 5.12861384e-03 -3.07410629e+01 
 5.24807460e-03 -3.05409868e+01 
 5.37031796e-03 -3.03409072e+01 
 5.49540874e-03 -3.01408239e+01 
 5.62341325e-03 -2.99407366e+01 
 5.75439937e-03 -2.97406453e+01 
 5.88843655e-03 -2.95405497e+01 
 6.02559586e-03 -2.93404496e+01 
 6.16595002e-03 -2.91403448e+01 
 6.30957344e-03 -2.89402352e+01 
 6.45654229e-03 -2.87401204e+01 
 6.60693448e-03 -2.85400002e+01 
 6.76082975e-03 -2.83398745e+01 
 6.91830971e-03 -2.81397428e+01 
 7.07945784e-03 -2.79396051e+01 
 7.24435960e-03 -2.77394609e+01 
 7.41310241e-03 -2.75393099e+01 
 7.58577575e-03 -2.73391520e+01 
 7.76247117e-03 -2.71389866e+01 
 7.94328235e-03 -2.69388136e+01 
 8.12830516e-03 -2.67386326e+01 
 8.31763771e-03 -2.65384431e+01 
 8.51138038e-03 -2.63382448e+01 
 8.70963590e-03 -2.61380373e+01 
 8.91250938e-03 -2.59378202e+01 
 9.12010839e-03 -2.57375930e+01 
 9.33254301e-03 -2.55373553e+01 
 9.54992586e-03 -2.53371066e+01 
 9.77237221e-03 -2.51368464e+01 
 1.00000000e-02 -2.49365742e+01 
 1.02329299e-02 -2.47362894e+01 
 1.04712855e-02 -2.45359915e+01 
 1.07151931e-02 -2.43356798e+01 
 1.09647820e-02 -2.41353538e+01 
 1.12201845e-02 -2.39350128e+01 
 1.14815362e-02 -2.37346562e+01 
 1.17489755e-02 -2.35342832e+01 
 1.20226443e-02 -2.33338931e+01 
 1.23026877e-02 -2.31334851e+01 
 1.25892541e-02 -2.29330586e+01 
 1.28824955e-02 -2.27326125e+01 
 1.31825674e-02 -2.25321462e+01 
 1.34896288e-02 -2.23316587e+01 
 1.38038426e-02 -2.21311490e+01 
 1.41253754e-02 -2.19306163e+01 
 1.44543977e-02 -2.17300594e+01 
 1.47910839e-02 -2.15294774e+01 
 1.51356125e-02 -2.13288692e+01 
 1.54881662e-02 -2.11282337e+01 
 1.58489319e-02 -2.09275697e+01 
 1.62181010e-02 -2.07268759e+01 
 1.65958691e-02 -2.05261512e+01 
 1.69824365e-02 -2.03253942e+01 
 1.73780083e-02 -2.01246036e+01 
 1.77827941e-02 -1.99237780e+01 
 1.81970086e-02 -1.97229160e+01 
 1.86208714e-02 -1.95220160e+01 
 1.90546072e-02 -1.93210766e+01 
 1.94984460e-02 -1.91200961e+01 
 1.99526231e-02 -1.89190728e+01 
 2.04173794e-02 -1.87180052e+01 
 2.08929613e-02 -1.85168914e+01 
 2.13796209e-02 -1.83157296e+01 
 2.18776162e-02 -1.81145181e+01 
 2.23872114e-02 -1.79132548e+01 
 2.29086765e-02 -1.77119378e+01 
 2.34422882e-02 -1.75105652e+01 
 2.39883292e-02 -1.73091349e+01 
 2.45470892e-02 -1.71076447e+01 
 2.51188643e-02 -1.69060925e+01 
 2.57039578e-02 -1.67044762e+01 
 2.63026799e-02 -1.65027934e+01 
 2.69153480e-02 -1.63010420e+01 
 2.75422870e-02 -1.60992195e+01 
 2.81838293e-02 -1.58973236e+01 
 2.88403150e-02 -1.56953520e+01 
 2.95120923e-02 -1.54933022e+01 
 3.01995172e-02 -1.52911718e+01 
 3.09029543e-02 -1.50889583e+01 
 3.16227766e-02 -1.48866593e+01 
 3.23593657e-02 -1.46842723e+01 
 3.31131121e-02 -1.44817949e+01 
 3.38844156e-02 -1.42792245e+01 
 3.46736850e-02 -1.40765588e+01 
 3.54813389e-02 -1.38737954e+01 
 3.63078055e-02 -1.36709318e+01 
 3.71535229e-02 -1.34679657e+01 
 3.80189396e-02 -1.32648950e+01 
 3.89045145e-02 -1.30617173e+01 
 3.98107171e-02 -1.28584306e+01 
 4.07380278e-02 -1.26550328e+01 
 4.16869383e-02 -1.24515220e+01 
 4.26579519e-02 -1.22478965e+01 
 4.36515832e-02 -1.20441545e+01 
 4.46683592e-02 -1.18402946e+01 
 4.57088190e-02 -1.16363154e+01 
 4.67735141e-02 -1.14322158e+01 
 4.78630092e-02 -1.12279949e+01 
 4.89778819e-02 -1.10236518e+01 
 5.01187234e-02 -1.08191861e+01 
 5.12861384e-02 -1.06145975e+01 
 5.24807460e-02 -1.04098861e+01 
 5.37031796e-02 -1.02050520e+01 
 5.49540874e-02 -1.00000960e+01 
 5.62341325e-02 -9.79501879e+00 
 5.75439937e-02 -9.58982173e+00 
 5.88843655e-02 -9.38450633e+00 
 6.02559586e-02 -9.17907449e+00 
 6.16595002e-02 -8.97352849e+00 
 6.30957344e-02 -8.76787095e+00 
 6.45654229e-02 -8.56210489e+00 
 6.60693448e-02 -8.35623372e+00 
 6.76082975e-02 -8.15026121e+00 
 6.91830971e-02 -7.94419154e+00 
 7.07945784e-02 -7.73802928e+00 
 7.24435960e-02 -7.53177938e+00 
 7.41310241e-02 -7.32544719e+00 
 7.58577575e-02 -7.11903841e+00 
 7.76247117e-02 -6.91255912e+00 
 7.94328235e-02 -6.70601577e+00 
 8.12830516e-02 -6.49941514e+00 
 8.31763771e-02 -6.29276432e+00 
 8.51138038e-02 -6.08607073e+00 
 8.70963590e-02 -5.87934207e+00 
 8.91250938e-02 -5.67258629e+00 
 9.12010839e-02 -5.46581159e+00 
 9.33254301e-02 -5.25902638e+00 
 9.54992586e-02 -5.05223927e+00 
 9.77237221e-02 -4.84545899e+00 
 1.00000000e-01 -4.63869444e+00 
 1.02329299e-01 -4.43195458e+00 
 1.04712855e-01 -4.22524846e+00 
 1.07151931e-01 -4.01858515e+00 
 1.09647820e-01 -3.81197375e+00 
 1.12201845e-01 -3.60542332e+00 
 1.14815362e-01 -3.39894286e+00 
 1.17489755e-01 -3.19254132e+00 
 1.20226443e-01 -2.98622752e+00 
 1.23026877e-01 -2.78001015e+00 
 1.25892541e-01 -2.57389779e+00 
 1.28824955e-01 -2.36789879e+00 
 1.31825674e-01 -2.16202135e+00 
 1.34896288e-01 -1.95627347e+00 
 1.38038426e-01 -1.75066290e+00 
 1.41253754e-01 -1.54519720e+00 
 1.44543977e-01 -1.33988443e+00 
 1.47910839e-01 -1.13473012e+00 
 1.51356125e-01 -9.29741875e-01 
 1.54881662e-01 -7.24926280e-01 
 1.58489319e-01 -5.20289682e-01 
 1.62181010e-01 -3.15838190e-01 
 1.65958691e-01 -1.11577691e-01 
 1.69824365e-01  9.24861471e-02 
 1.73780083e-01  2.96347860e-01 
 1.77827941e-01  5.00002175e-01 
 1.81970086e-01  7.03443991e-01 
 1.86208714e-01  9.06668366e-01 
 1.90546072e-01  1.10967050e+00 
 1.94984460e-01  1.31244569e+00 
 1.99526231e-01  1.51498937e+00 
 2.04173794e-01  1.71729700e+00 
 2.08929613e-01  1.91936413e+00 
 2.13796209e-01  2.12118631e+00 
 2.18776162e-01  2.32275910e+00 
 2.23872114e-01  2.52407803e+00 
 2.29086765e-01  2.72513859e+00 
 2.34422882e-01  2.92593657e+00 
 2.39883292e-01  3.12646650e+00 
 2.45470892e-01  3.32672394e+00 
 2.51188643e-01  3.52670393e+00 
 2.57039578e-01  3.72640131e+00 
 2.63026799e-01  3.92581070e+00 
 2.69153480e-01  4.12492622e+00 
 2.75422870e-01  4.32374261e+00 
 2.81838293e-01  4.52225342e+00 
 2.88403150e-01  4.72045220e+00 
 2.95120923e-01  4.91833216e+00 
 3.01995172e-01  5.11588592e+00 
 3.09029543e-01  5.31310621e+00 
 3.16227766e-01  5.50998532e+00 
 3.23593657e-01  5.70651464e+00 
 3.31131121e-01  5.90268535e+00 
 3.38844156e-01  6.09848815e+00 
 3.46736850e-01  6.29391324e+00 
 3.54813389e-01  6.48895030e+00 
 3.63078055e-01  6.68358845e+00 
 3.71535229e-01  6.87781627e+00 
 3.80189396e-01  7.07162157e+00 
 3.89045145e-01  7.26499220e+00 
 3.98107171e-01  7.45791441e+00 
 4.07380278e-01  7.65037446e+00 
 4.16869383e-01  7.84235774e+00 
 4.26579519e-01  8.03384887e+00 
 4.36515832e-01  8.22483224e+00 
 4.46683592e-01  8.41529063e+00 
 4.57088190e-01  8.60520685e+00 
 4.67735141e-01  8.79456279e+00 
 4.78630092e-01  8.98333933e+00 
 4.89778819e-01  9.17151658e+00 
 5.01187234e-01  9.35907414e+00 
 5.12861384e-01  9.54599049e+00 
 5.24807460e-01  9.73224323e+00 
 5.37031796e-01  9.91780972e+00 
 5.49540874e-01  1.01026655e+01 
 5.62341325e-01  1.02867860e+01 
 5.75439937e-01  1.04701454e+01 
 5.88843655e-01  1.06527173e+01 
 6.02559586e-01  1.08344741e+01 
 6.16595002e-01  1.10153874e+01 
 6.30957344e-01  1.11954282e+01 
 6.45654229e-01  1.13745665e+01 
 6.60693448e-01  1.15527712e+01 
 6.76082975e-01  1.17300108e+01 
 6.91830971e-01  1.19062525e+01 
 7.07945784e-01  1.20814628e+01 
 7.24435960e-01  1.22556076e+01 
 7.41310241e-01  1.24286518e+01 
 7.58577575e-01  1.26005596e+01 
 7.76247117e-01  1.27712947e+01 
 7.94328235e-01  1.29408198e+01 
 8.12830516e-01  1.31090972e+01 
 8.31763771e-01  1.32760884e+01 
 8.51138038e-01  1.34417546e+01 
 8.70963590e-01  1.36060563e+01 
 8.91250938e-01  1.37689535e+01 
 9.12010839e-01  1.39304063e+01 
 9.33254301e-01  1.40903741e+01 
 9.54992586e-01  1.42488160e+01 
 9.77237221e-01  1.44056913e+01 
 1.00000000e+00  1.45609590e+01 
 1.02329299e+00  1.47145783e+01 
 1.04712855e+00  1.48665083e+01 
 1.07151931e+00  1.50167085e+01 
 1.09647820e+00  1.51651388e+01 
 1.12201845e+00  1.53117591e+01 
 1.14815362e+00  1.54565306e+01 
 1.17489755e+00  1.55994142e+01 
 1.20226443e+00  1.57403724e+01 
 1.23026877e+00  1.58793680e+01 
 1.25892541e+00  1.60163650e+01 
 1.28824955e+00  1.61513286e+01 
 1.31825674e+00  1.62842249e+01 
 1.34896288e+00  1.64150215e+01 
 1.38038426e+00  1.65436876e+01 
 1.41253754e+00  1.66701937e+01 
 1.44543977e+00  1.67945119e+01 
 1.47910839e+00  1.69166161e+01 
 1.51356125e+00  1.70364823e+01 
 1.54881662e+00  1.71540879e+01 
 1.58489319e+00  1.72694128e+01 
 1.62181010e+00  1.73824386e+01 
 1.65958691e+00  1.74931493e+01 
 1.69824365e+00  1.76015308e+01 
 1.73780083e+00  1.77075717e+01 
 1.77827941e+00  1.78112624e+01 
 1.81970086e+00  1.79125959e+01 
 1.86208714e+00  1.80115675e+01 
 1.90546072e+00  1.81081747e+01 
 1.94984460e+00  1.82024176e+01 
 1.99526231e+00  1.82942983e+01 
 2.04173794e+00  1.83838215e+01 
 2.08929613e+00  1.84709939e+01 
 2.13796209e+00  1.85558248e+01 
 2.18776162e+00  1.86383253e+01 
 2.23872114e+00  1.87185090e+01 
 2.29086765e+00  1.87963911e+01 
 2.34422882e+00  1.88719892e+01 
 2.39883292e+00  1.89453226e+01 
 2.45470892e+00  1.90164124e+01 
 2.51188643e+00  1.90852815e+01 
 2.57039578e+00  1.91519544e+01 
 2.63026799e+00  1.92164569e+01 
 2.69153480e+00  1.92788166e+01 
 2.75422870e+00  1.93390620e+01 
 2.81838293e+00  1.93972230e+01 
 2.88403150e+00  1.94533305e+01 
 2.95120923e+00  1.95074164e+01 
 3.01995172e+00  1.95595134e+01 
 3.09029543e+00  1.96096550e+01 
 3.16227766e+00  1.96578751e+01 
 3.23593657e+00  1.97042085e+01 
 3.31131121e+00  1.97486901e+01 
 3.38844156e+00  1.97913551e+01 
 3.46736850e+00  1.98322393e+01 
 3.54813389e+00  1.98713781e+01 
 3.63078055e+00  1.99088074e+01 
 3.71535229e+00  1.99445628e+01 
 3.80189396e+00  1.99786799e+01 
 3.89045145e+00  2.00111941e+01 
 3.98107171e+00  2.00421406e+01 
 4.07380278e+00  2.00715541e+01 
 4.16869383e+00  2.00994694e+01 
 4.26579519e+00  2.01259204e+01 
 4.36515832e+00  2.01509409e+01 
 4.46683592e+00  2.01745641e+01 
 4.57088190e+00  2.01968229e+01 
 4.67735141e+00  2.02177495e+01 
 4.78630092e+00  2.02373757e+01 
 4.89778819e+00  2.02557327e+01 
 5.01187234e+00  2.02728512e+01 
 5.12861384e+00  2.02887615e+01 
 5.24807460e+00  2.03034931e+01 
 5.37031796e+00  2.03170753e+01 
 5.49540874e+00  2.03295368e+01 
 5.62341325e+00  2.03409058e+01 
 5.75439937e+00  2.03512100e+01 
 5.88843655e+00  2.03604769e+01 
 6.02559586e+00  2.03687335e+01 
 6.16595002e+00  2.03760064e+01 
 6.30957344e+00  2.03823218e+01 
 6.45654229e+00  2.03877059e+01 
 6.60693448e+00  2.03921843e+01 
 6.76082975e+00  2.03957827e+01 
 6.91830971e+00  2.03985264e+01 
 7.07945784e+00  2.04004406e+01 
 7.24435960e+00  2.04015506e+01 
 7.41310241e+00  2.04018812e+01 
 7.58577575e+00  2.04014576e+01 
 7.76247117e+00  2.04003048e+01 
 7.94328235e+00  2.03984477e+01 
 8.12830516e+00  2.03959113e+01 
 8.31763771e+00  2.03927208e+01 
 8.51138038e+00  2.03889013e+01 
 8.70963590e+00  2.03844779e+01 
 8.91250938e+00  2.03794761e+01 
 9.12010839e+00  2.03739211e+01 
 9.33254301e+00  2.03678384e+01 
 9.54992586e+00  2.03612536e+01 
 9.77237221e+00  2.03541921e+01 
 1.00000000e+01  2.03466796e+01 
 1.02329299e+01  2.03387418e+01 
 1.04712855e+01  2.03304041e+01 
 1.07151931e+01  2.03216922e+01 
 1.09647820e+01  2.03126315e+01 
 1.12201845e+01  2.03032474e+01 
 1.14815362e+01  2.02935649e+01 
 1.17489755e+01  2.02836090e+01 
 1.20226443e+01  2.02734044e+01 
 1.23026877e+01  2.02629754e+01 
 1.25892541e+01  2.02523460e+01 
 1.28824955e+01  2.02415397e+01 
 1.31825674e+01  2.02305795e+01 
 1.34896288e+01  2.02194881e+01 
 1.38038426e+01  2.02082873e+01 
 1.41253754e+01  2.01969985e+01 
 1.44543977e+01  2.01856422e+01 
 1.47910839e+01  2.01742385e+01 
 1.51356125e+01  2.01628063e+01 
 1.54881662e+01  2.01513641e+01 
 1.58489319e+01  2.01399292e+01 
 1.62181010e+01  2.01285184e+01 
 1.65958691e+01  2.01171473e+01 
 1.69824365e+01  2.01058306e+01 
 1.73780083e+01  2.00945823e+01 
 1.77827941e+01  2.00834152e+01 
 1.81970086e+01  2.00723411e+01 
 1.86208714e+01  2.00613711e+01 
 1.90546072e+01  2.00505151e+01 
 1.94984460e+01  2.00397822e+01 
 1.99526231e+01  2.00291803e+01 
 2.04173794e+01  2.00187167e+01 
 2.08929613e+01  2.00083974e+01 
 2.13796209e+01  1.99982279e+01 
 2.18776162e+01  1.99882124e+01 
 2.23872114e+01  1.99783544e+01 
 2.29086765e+01  1.99686568e+01 
 2.34422882e+01  1.99591213e+01 
 2.39883292e+01  1.99497489e+01 
 2.45470892e+01  1.99405402e+01 
 2.51188643e+01  1.99314947e+01 
 2.57039578e+01  1.99226112e+01 
 2.63026799e+01  1.99138882e+01 
 2.69153480e+01  1.99053232e+01 
 2.75422870e+01  1.98969133e+01 
 2.81838293e+01  1.98886549e+01 
 2.88403150e+01  1.98805441e+01 
 2.95120923e+01  1.98725762e+01 
 3.01995172e+01  1.98647463e+01 
 3.09029543e+01  1.98570489e+01 
 3.16227766e+01  1.98494780e+01 
 3.23593657e+01  1.98420275e+01 
 3.31131121e+01  1.98346906e+01 
 3.38844156e+01  1.98274603e+01 
 3.46736850e+01  1.98203292e+01 
 3.54813389e+01  1.98132897e+01 
 3.63078055e+01  1.98063338e+01 
 3.71535229e+01  1.97994532e+01 
 3.80189396e+01  1.97926394e+01 
 3.89045145e+01  1.97858836e+01 
 3.98107171e+01  1.97791767e+01 
 4.07380278e+01  1.97725094e+01 
 4.16869383e+01  1.97658722e+01 
 4.26579519e+01  1.97592553e+01 
 4.36515832e+01  1.97526487e+01 
 4.46683592e+01  1.97460421e+01 
 4.57088190e+01  1.97394251e+01 
 4.67735141e+01  1.97327869e+01 
 4.78630092e+01  1.97261165e+01 
 4.89778819e+01  1.97194028e+01 
 5.01187234e+01  1.97126344e+01 
 5.12861384e+01  1.97057994e+01 
 5.24807460e+01  1.96988861e+01 
 5.37031796e+01  1.96918821e+01 
 5.49540874e+01  1.96847749e+01 
 5.62341325e+01  1.96775518e+01 
 5.75439937e+01  1.96701997e+01 
 5.88843655e+01  1.96627051e+01 
 6.02559586e+01  1.96550543e+01 
 6.16595002e+01  1.96472333e+01 
 6.30957344e+01  1.96392275e+01 
 6.45654229e+01  1.96310223e+01 
 6.60693448e+01  1.96226023e+01 
 6.76082975e+01  1.96139521e+01 
 6.91830971e+01  1.96050556e+01 
 7.07945784e+01  1.95958964e+01 
 7.24435960e+01  1.95864575e+01 
 7.41310241e+01  1.95767217e+01 
 7.58577575e+01  1.95666710e+01 
 7.76247117e+01  1.95562872e+01 
 7.94328235e+01  1.95455513e+01 
 8.12830516e+01  1.95344439e+01 
 8.31763771e+01  1.95229450e+01 
 8.51138038e+01  1.95110341e+01 
 8.70963590e+01  1.94986901e+01 
 8.91250938e+01  1.94858912e+01 
 9.12010839e+01  1.94726149e+01 
 9.33254301e+01  1.94588384e+01 
 9.54992586e+01  1.94445379e+01 
 9.77237221e+01  1.94296891e+01 
 1.00000000e+02  1.94142669e+01 
 1.02329299e+02  1.93982457e+01 
 1.04712855e+02  1.93815991e+01 
 1.07151931e+02  1.93642998e+01 
 1.09647820e+02  1.93463202e+01 
 1.12201845e+02  1.93276316e+01 
 1.14815362e+02  1.93082047e+01 
 1.17489755e+02  1.92880096e+01 
 1.20226443e+02  1.92670154e+01 
 1.23026877e+02  1.92451908e+01 
 1.25892541e+02  1.92225035e+01 
 1.28824955e+02  1.91989207e+01 
 1.31825674e+02  1.91744089e+01 
 1.34896288e+02  1.91489336e+01 
 1.38038426e+02  1.91224601e+01 
 1.41253754e+02  1.90949528e+01 
 1.44543977e+02  1.90663755e+01 
 1.47910839e+02  1.90366915e+01 
 1.51356125e+02  1.90058635e+01 
 1.54881662e+02  1.89738537e+01 
 1.58489319e+02  1.89406237e+01 
 1.62181010e+02  1.89061351e+01 
 1.65958691e+02  1.88703486e+01 
 1.69824365e+02  1.88332250e+01 
 1.73780083e+02  1.87947245e+01 
 1.77827941e+02  1.87548074e+01 
 1.81970086e+02  1.87134337e+01 
 1.86208714e+02  1.86705635e+01 
 1.90546072e+02  1.86261566e+01 
 1.94984460e+02  1.85801734e+01 
 1.99526231e+02  1.85325741e+01 
 2.04173794e+02  1.84833193e+01 
 2.08929613e+02  1.84323700e+01 
 2.13796209e+02  1.83796877e+01 
 2.18776162e+02  1.83252343e+01 
 2.23872114e+02  1.82689726e+01 
 2.29086765e+02  1.82108660e+01 
 2.34422882e+02  1.81508786e+01 
 2.39883292e+02  1.80889758e+01 
 2.45470892e+02  1.80251240e+01 
 2.51188643e+02  1.79592905e+01 
 2.57039578e+02  1.78914443e+01 
 2.63026799e+02  1.78215555e+01 
 2.69153480e+02  1.77495955e+01 
 2.75422870e+02  1.76755377e+01 
 2.81838293e+02  1.75993569e+01 
 2.88403150e+02  1.75210297e+01 
 2.95120923e+02  1.74405345e+01 
 3.01995172e+02  1.73578517e+01 
 3.09029543e+02  1.72729635e+01 
 3.16227766e+02  1.71858544e+01 
 3.23593657e+02  1.70965108e+01 
 3.31131121e+02  1.70049213e+01 
 3.38844156e+02  1.69110768e+01 
 3.46736850e+02  1.68149702e+01 
 3.54813389e+02  1.67165971e+01 
 3.63078055e+02  1.66159548e+01 
 3.71535229e+02  1.65130435e+01 
 3.80189396e+02  1.64078651e+01 
 3.89045145e+02  1.63004243e+01 
 3.98107171e+02  1.61907277e+01 
 4.07380278e+02  1.60787844e+01 
 4.16869383e+02  1.59646054e+01 
 4.26579519e+02  1.58482042e+01 
 4.36515832e+02  1.57295961e+01 
 4.46683592e+02  1.56087988e+01 
 4.57088190e+02  1.54858316e+01 
 4.67735141e+02  1.53607160e+01 
 4.78630092e+02  1.52334752e+01 
 4.89778819e+02  1.51041341e+01 
 5.01187234e+02  1.49727195e+01 
 5.12861384e+02  1.48392594e+01 
 5.24807460e+02  1.47037836e+01 
 5.37031796e+02  1.45663231e+01 
 5.49540874e+02  1.44269101e+01 
 5.62341325e+02  1.42855780e+01 
 5.75439937e+02  1.41423615e+01 
 5.88843655e+02  1.39972958e+01 
 6.02559586e+02  1.38504173e+01 
 6.16595002e+02  1.37017628e+01 
 6.30957344e+02  1.35513701e+01 
 6.45654229e+02  1.33992773e+01 
 6.60693448e+02  1.32455228e+01 
 6.76082975e+02  1.30901456e+01 
 6.91830971e+02  1.29331846e+01 
 7.07945784e+02  1.27746792e+01 
 7.24435960e+02  1.26146686e+01 
 7.41310241e+02  1.24531919e+01 
 7.58577575e+02  1.22902883e+01 
 7.76247117e+02  1.21259967e+01 
 7.94328235e+02  1.19603556e+01 
 8.12830516e+02  1.17934034e+01 
 8.31763771e+02  1.16251779e+01 
 8.51138038e+02  1.14557165e+01 
 8.70963590e+02  1.12850561e+01 
 8.91250938e+02  1.11132330e+01 
 9.12010839e+02  1.09402831e+01 
 9.33254301e+02  1.07662413e+01 
 9.54992586e+02  1.05911420e+01 
 9.77237221e+02  1.04150190e+01 
 1.00000000e+03  1.02379051e+01 
 1.02329299e+03  1.00598325e+01 
 1.04712855e+03  9.88083255e+00 
 1.07151931e+03  9.70093582e+00 
 1.09647820e+03  9.52017201e+00 
 1.12201845e+03  9.33857003e+00 
 1.14815362e+03  9.15615791e+00 
 1.17489755e+03  8.97296283e+00 
 1.20226443e+03  8.78901111e+00 
 1.23026877e+03  8.60432823e+00 
 1.25892541e+03  8.41893878e+00 
 1.28824955e+03  8.23286654e+00 
 1.31825674e+03  8.04613437e+00 
 1.34896288e+03  7.85876434e+00 
 1.38038426e+03  7.67077762e+00 
 1.41253754e+03  7.48219459e+00 
 1.44543977e+03  7.29303478e+00 
 1.47910839e+03  7.10331690e+00 
 1.51356125e+03  6.91305885e+00 
 1.54881662e+03  6.72227774e+00 
 1.58489319e+03  6.53098988e+00 
 1.62181010e+03  6.33921083e+00 
 1.65958691e+03  6.14695535e+00 
 1.69824365e+03  5.95423746e+00 
 1.73780083e+03  5.76107046e+00 
 1.77827941e+03  5.56746689e+00 
 1.81970086e+03  5.37343860e+00 
 1.86208714e+03  5.17899672e+00 
 1.90546072e+03  4.98415171e+00 
 1.94984460e+03  4.78891333e+00 
 1.99526231e+03  4.59329068e+00 
 2.04173794e+03  4.39729220e+00 
 2.08929613e+03  4.20092570e+00 
 2.13796209e+03  4.00419836e+00 
 2.18776162e+03  3.80711672e+00 
 2.23872114e+03  3.60968672e+00 
 2.29086765e+03  3.41191370e+00 
 2.34422882e+03  3.21380243e+00 
 2.39883292e+03  3.01535706e+00 
 2.45470892e+03  2.81658121e+00 
 2.51188643e+03  2.61747793e+00 
 2.57039578e+03  2.41804971e+00 
 2.63026799e+03  2.21829852e+00 
 2.69153480e+03  2.01822580e+00 
 2.75422870e+03  1.81783244e+00 
 2.81838293e+03  1.61711885e+00 
 2.88403150e+03  1.41608494e+00 
 2.95120923e+03  1.21473011e+00 
 3.01995172e+03  1.01305331e+00 
 3.09029543e+03  8.11052983e-01 
 3.16227766e+03  6.08727144e-01 
 3.23593657e+03  4.06073347e-01 
 3.31131121e+03  2.03088715e-01 
 3.38844156e+03 -2.30054244e-04 
 3.46736850e+03 -2.03886668e-01 
 3.54813389e+03 -4.07885229e-01 
 3.63078055e+03 -6.12230220e-01 
 3.71535229e+03 -8.16926486e-01 
 3.80189396e+03 -1.02197921e+00 
 3.89045145e+03 -1.22739391e+00 
 3.98107171e+03 -1.43317640e+00 
 4.07380278e+03 -1.63933277e+00 
 4.16869383e+03 -1.84586937e+00 
 4.26579519e+03 -2.05279278e+00 
 4.36515832e+03 -2.26010978e+00 
 4.46683592e+03 -2.46782729e+00 
 4.57088190e+03 -2.67595241e+00 
 4.67735141e+03 -2.88449228e+00 
 4.78630092e+03 -3.09345414e+00 
 4.89778819e+03 -3.30284522e+00 
 5.01187234e+03 -3.51267270e+00 
 5.12861384e+03 -3.72294369e+00 
 5.24807460e+03 -3.93366515e+00 
 5.37031796e+03 -4.14484385e+00 
 5.49540874e+03 -4.35648628e+00 
 5.62341325e+03 -4.56859862e+00 
 5.75439937e+03 -4.78118662e+00 
 5.88843655e+03 -4.99425560e+00 
 6.02559586e+03 -5.20781028e+00 
 6.16595002e+03 -5.42185477e+00 
 6.30957344e+03 -5.63639246e+00 
 6.45654229e+03 -5.85142589e+00 
 6.60693448e+03 -6.06695673e+00 
 6.76082975e+03 -6.28298559e+00 
 6.91830971e+03 -6.49951200e+00 
 7.07945784e+03 -6.71653424e+00 
 7.24435960e+03 -6.93404926e+00 
 7.41310241e+03 -7.15205255e+00 
 7.58577575e+03 -7.37053804e+00 
 7.76247117e+03 -7.58949797e+00 
 7.94328235e+03 -7.80892276e+00 
 8.12830516e+03 -8.02880092e+00 
 8.31763771e+03 -8.24911889e+00 
 8.51138038e+03 -8.46986095e+00 
 8.70963590e+03 -8.69100907e+00 
 8.91250938e+03 -8.91254283e+00 
 9.12010839e+03 -9.13443928e+00 
 9.33254301e+03 -9.35667283e+00 
 9.54992586e+03 -9.57921516e+00 
 9.77237221e+03 -9.80203510e+00 
 1.00000000e+04 -1.00250986e+01 
 1.02329299e+04 -1.02483685e+01 
 1.04712855e+04 -1.04718046e+01 
 1.07151931e+04 -1.06953636e+01 
 1.09647820e+04 -1.09189991e+01 
 1.12201845e+04 -1.11426611e+01 
 1.14815362e+04 -1.13662968e+01 
 1.17489755e+04 -1.15898499e+01 
 1.20226443e+04 -1.18132607e+01 
 1.23026877e+04 -1.20364667e+01 
 1.25892541e+04 -1.22594017e+01 
 1.28824955e+04 -1.24819968e+01 
 1.31825674e+04 -1.27041799e+01 
 1.34896288e+04 -1.29258758e+01 
 1.38038426e+04 -1.31470067e+01 
 1.41253754e+04 -1.33674920e+01 
 1.44543977e+04 -1.35872486e+01 
 1.47910839e+04 -1.38061909e+01 
 1.51356125e+04 -1.40242314e+01 
 1.54881662e+04 -1.42412804e+01 
 1.58489319e+04 -1.44572466e+01 
 1.62181010e+04 -1.46720371e+01 
 1.65958691e+04 -1.48855578e+01 
 1.69824365e+04 -1.50977138e+01 
 1.73780083e+04 -1.53084094e+01 
 1.77827941e+04 -1.55175484e+01 
 1.81970086e+04 -1.57250348e+01 
 1.86208714e+04 -1.59307727e+01 
 1.90546072e+04 -1.61346666e+01 
 1.94984460e+04 -1.63366220e+01 
 1.99526231e+04 -1.65365458e+01 
 2.04173794e+04 -1.67343459e+01 
 2.08929613e+04 -1.69299325e+01 
 2.13796209e+04 -1.71232177e+01 
 2.18776162e+04 -1.73141160e+01 
 2.23872114e+04 -1.75025447e+01 
 2.29086765e+04 -1.76884240e+01 
 2.34422882e+04 -1.78716775e+01 
 2.39883292e+04 -1.80522323e+01 
 2.45470892e+04 -1.82300191e+01 
 2.51188643e+04 -1.84049727e+01 
 2.57039578e+04 -1.85770321e+01 
 2.63026799e+04 -1.87461405e+01 
 2.69153480e+04 -1.89122459e+01 
 2.75422870e+04 -1.90753005e+01 
 2.81838293e+04 -1.92352617e+01 
 2.88403150e+04 -1.93920915e+01 
 2.95120923e+04 -1.95457569e+01 
 3.01995172e+04 -1.96962297e+01 
 3.09029543e+04 -1.98434870e+01 
 3.16227766e+04 -1.99875106e+01 
 3.23593657e+04 -2.01282874e+01 
 3.31131121e+04 -2.02658091e+01 
 3.38844156e+04 -2.04000723e+01 
 3.46736850e+04 -2.05310785e+01 
 3.54813389e+04 -2.06588335e+01 
 3.63078055e+04 -2.07833482e+01 
 3.71535229e+04 -2.09046373e+01 
 3.80189396e+04 -2.10227202e+01 
 3.89045145e+04 -2.11376202e+01 
 3.98107171e+04 -2.12493646e+01 
 4.07380278e+04 -2.13579845e+01 
 4.16869383e+04 -2.14635142e+01 
 4.26579519e+04 -2.15659919e+01 
 4.36515832e+04 -2.16654586e+01 
 4.46683592e+04 -2.17619583e+01 
 4.57088190e+04 -2.18555379e+01 
 4.67735141e+04 -2.19462465e+01 
 4.78630092e+04 -2.20341360e+01 
 4.89778819e+04 -2.21192599e+01 
 5.01187234e+04 -2.22016741e+01 
 5.12861384e+04 -2.22814360e+01 
 5.24807460e+04 -2.23586044e+01 
 5.37031796e+04 -2.24332396e+01 
 5.49540874e+04 -2.25054031e+01 
 5.62341325e+04 -2.25751572e+01 
 5.75439937e+04 -2.26425652e+01 
 5.88843655e+04 -2.27076909e+01 
 6.02559586e+04 -2.27705986e+01 
 6.16595002e+04 -2.28313531e+01 
 6.30957344e+04 -2.28900191e+01 
 6.45654229e+04 -2.29466618e+01 
 6.60693448e+04 -2.30013460e+01 
 6.76082975e+04 -2.30541365e+01 
 6.91830971e+04 -2.31050979e+01 
 7.07945784e+04 -2.31542943e+01 
 7.24435960e+04 -2.32017894e+01 
 7.41310241e+04 -2.32476465e+01 
 7.58577575e+04 -2.32919281e+01 
 7.76247117e+04 -2.33346962e+01 
 7.94328235e+04 -2.33760118e+01 
 8.12830516e+04 -2.34159355e+01 
 8.31763771e+04 -2.34545266e+01 
 8.51138038e+04 -2.34918437e+01 
 8.70963590e+04 -2.35279445e+01 
 8.91250938e+04 -2.35628856e+01 
 9.12010839e+04 -2.35967225e+01 
 9.33254301e+04 -2.36295096e+01 
 9.54992586e+04 -2.36613002e+01 
 9.77237221e+04 -2.36921465e+01 
 1.00000000e+05 -2.37220992e+01 
 1.02329299e+05 -2.37512081e+01 
 1.04712855e+05 -2.37795213e+01 
 1.07151931e+05 -2.38070859e+01 
 1.09647820e+05 -2.38339473e+01 
 1.12201845e+05 -2.38601497e+01 
 1.14815362e+05 -2.38857356e+01 
 1.17489755e+05 -2.39107461e+01 
 1.20226443e+05 -2.39352208e+01 
 1.23026877e+05 -2.39591974e+01 
 1.25892541e+05 -2.39827123e+01 
 1.28824955e+05 -2.40057998e+01 
 1.31825674e+05 -2.40284928e+01 
 1.34896288e+05 -2.40508221e+01 
 1.38038426e+05 -2.40728169e+01 
 1.41253754e+05 -2.40945043e+01 
 1.44543977e+05 -2.41159098e+01 
 1.47910839e+05 -2.41370566e+01 
 1.51356125e+05 -2.41579662e+01 
 1.54881662e+05 -2.41786580e+01 
 1.58489319e+05 -2.41991494e+01 
 1.62181010e+05 -2.42194559e+01 
 1.65958691e+05 -2.42395907e+01 
 1.69824365e+05 -2.42595654e+01 
 1.73780083e+05 -2.42793893e+01 
 1.77827941e+05 -2.42990699e+01 
 1.81970086e+05 -2.43186127e+01 
 1.86208714e+05 -2.43380214e+01 
 1.90546072e+05 -2.43572978e+01 
 1.94984460e+05 -2.43764420e+01 
 1.99526231e+05 -2.43954522e+01 
 2.04173794e+05 -2.44143253e+01 
 2.08929613e+05 -2.44330564e+01 
 2.13796209e+05 -2.44516392e+01 
 2.18776162e+05 -2.44700663e+01 
 2.23872114e+05 -2.44883287e+01 
 2.29086765e+05 -2.45064166e+01 
 2.34422882e+05 -2.45243190e+01 
 2.39883292e+05 -2.45420242e+01 
 2.45470892e+05 -2.45595195e+01 
 2.51188643e+05 -2.45767919e+01 
 2.57039578e+05 -2.45938277e+01 
 2.63026799e+05 -2.46106128e+01 
 2.69153480e+05 -2.46271330e+01 
 2.75422870e+05 -2.46433739e+01 
 2.81838293e+05 -2.46593213e+01 
 2.88403150e+05 -2.46749608e+01 
 2.95120923e+05 -2.46902787e+01 
 3.01995172e+05 -2.47052611e+01 
 3.09029543e+05 -2.47198951e+01 
 3.16227766e+05 -2.47341680e+01 
 3.23593657e+05 -2.47480680e+01 
 3.31131121e+05 -2.47615838e+01 
 3.38844156e+05 -2.47747051e+01 
 3.46736850e+05 -2.47874223e+01 
 3.54813389e+05 -2.47997270e+01 
 3.63078055e+05 -2.48116115e+01 
 3.71535229e+05 -2.48230692e+01 
 3.80189396e+05 -2.48340947e+01 
 3.89045145e+05 -2.48446835e+01 
 3.98107171e+05 -2.48548324e+01 
 4.07380278e+05 -2.48645390e+01 
 4.16869383e+05 -2.48738024e+01 
 4.26579519e+05 -2.48826225e+01 
 4.36515832e+05 -2.48910004e+01 
 4.46683592e+05 -2.48989382e+01 
 4.57088190e+05 -2.49064391e+01 
 4.67735141e+05 -2.49135075e+01 
 4.78630092e+05 -2.49201484e+01 
 4.89778819e+05 -2.49263680e+01 
 5.01187234e+05 -2.49321733e+01 
 5.12861384e+05 -2.49375722e+01 
 5.24807460e+05 -2.49425733e+01 
 5.37031796e+05 -2.49471860e+01 
 5.49540874e+05 -2.49514204e+01 
 5.62341325e+05 -2.49552872e+01 
 5.75439937e+05 -2.49587977e+01 
 5.88843655e+05 -2.49619636e+01 
 6.02559586e+05 -2.49647971e+01 
 6.16595002e+05 -2.49673108e+01 
 6.30957344e+05 -2.49695177e+01 
 6.45654229e+05 -2.49714309e+01 
 6.60693448e+05 -2.49730637e+01 
 6.76082975e+05 -2.49744298e+01 
 6.91830971e+05 -2.49755426e+01 
 7.07945784e+05 -2.49764160e+01 
 7.24435960e+05 -2.49770635e+01 
 7.41310241e+05 -2.49774986e+01 
 7.58577575e+05 -2.49777349e+01 
 7.76247117e+05 -2.49777856e+01 
 7.94328235e+05 -2.49776639e+01 
 8.12830516e+05 -2.49773825e+01 
 8.31763771e+05 -2.49769541e+01 
 8.51138038e+05 -2.49763908e+01 
 8.70963590e+05 -2.49757048e+01 
 8.91250938e+05 -2.49749074e+01 
 9.12010839e+05 -2.49740098e+01 
 9.33254301e+05 -2.49730229e+01 
 9.54992586e+05 -2.49719568e+01 
 9.77237221e+05 -2.49708214e+01 
 1.00000000e+06 -2.49696261e+01 
