 0.00000000e+00  9.00000000e-01  0.00000000e+00  9.00890141e-01 
 1.00000000e-07  9.00125664e-01  1.00000000e-07  9.00892425e-01 
 2.00000000e-07  9.00251327e-01  2.00000000e-07  9.00895865e-01 
 4.00000000e-07  9.00502655e-01  4.00000000e-07  9.00904551e-01 
 8.00000000e-07  9.01005309e-01  8.00000000e-07  9.00929844e-01 
 1.60000000e-06  9.02010611e-01  1.60000000e-06  9.00998244e-01 
 3.20000000e-06  9.04021171e-01  3.20000000e-06  9.01169650e-01 
 6.40000000e-06  9.08041935e-01  6.40000000e-06  9.01622235e-01 
 1.28000000e-05  9.16080620e-01  1.28000000e-05  9.03318298e-01 
 2.28000000e-05  9.28626831e-01  2.28000000e-05  9.09357041e-01 
 3.28000000e-05  9.41144792e-01  3.28000000e-05  9.20376474e-01 
 4.28000000e-05  9.53622148e-01  4.28000000e-05  9.35878277e-01 
 5.28000000e-05  9.66046584e-01  5.28000000e-05  9.53875136e-01 
 6.28000000e-05  9.78405841e-01  6.28000000e-05  9.71747488e-01 
 7.28000000e-05  9.90687721e-01  7.28000000e-05  9.87314322e-01 
 8.28000000e-05  1.00288010e+00  8.28000000e-05  9.99670270e-01 
 9.28000000e-05  1.01497096e+00  9.28000000e-05  1.00935995e+00 
 1.02800000e-04  1.02694834e+00  1.02800000e-04  1.01783268e+00 
 1.12800000e-04  1.03880045e+00  1.12800000e-04  1.02666745e+00 
 1.22800000e-04  1.05051558e+00  1.22800000e-04  1.03693649e+00 
 1.32800000e-04  1.06208217e+00  1.32800000e-04  1.04891105e+00 
 1.42800000e-04  1.07348880e+00  1.42800000e-04  1.06211692e+00 
 1.52800000e-04  1.08472421e+00  1.52800000e-04  1.07564512e+00 
 1.62800000e-04  1.09577733e+00  1.62800000e-04  1.08856800e+00 
 1.72800000e-04  1.10663724e+00  1.72800000e-04  1.10029518e+00 
 1.82800000e-04  1.11729323e+00  1.82800000e-04  1.11073627e+00 
 1.92800000e-04  1.12773477e+00  1.92800000e-04  1.12023408e+00 
 2.02800000e-04  1.13795156e+00  2.02800000e-04  1.12934043e+00 
 2.12800000e-04  1.14793353e+00  2.12800000e-04  1.13856026e+00 
 2.22800000e-04  1.15767081e+00  2.22800000e-04  1.14817042e+00 
 2.32800000e-04  1.16715381e+00  2.32800000e-04  1.15816165e+00 
 2.42800000e-04  1.17637315e+00  2.42800000e-04  1.16829658e+00 
 2.52800000e-04  1.18531975e+00  2.52800000e-04  1.17823920e+00 
 2.62800000e-04  1.19398478e+00  2.62800000e-04  1.18769503e+00 
 2.72800000e-04  1.20235967e+00  2.72800000e-04  1.19650829e+00 
 2.82800000e-04  1.21043617e+00  2.82800000e-04  1.20468731e+00 
 2.92800000e-04  1.21820631e+00  2.92800000e-04  1.21236355e+00 
 3.02800000e-04  1.22566242e+00  3.02800000e-04  1.21971456e+00 
 3.12800000e-04  1.23279714e+00  3.12800000e-04  1.22688815e+00 
 3.22800000e-04  1.23960343e+00  3.22800000e-04  1.23395496e+00 
 3.32800000e-04  1.24607457e+00  3.32800000e-04  1.24089905e+00 
 3.42800000e-04  1.25220418e+00  3.42800000e-04  1.24764029e+00 
 3.52800000e-04  1.25798620e+00  3.52800000e-04  1.25407282e+00 
 3.62800000e-04  1.26341494e+00  3.62800000e-04  1.26010262e+00 
 3.72800000e-04  1.26848503e+00  3.72800000e-04  1.26567204e+00 
 3.82800000e-04  1.27319147e+00  3.82800000e-04  1.27076662e+00 
 3.92800000e-04  1.27752961e+00  3.92800000e-04  1.27540704e+00 
 4.02800000e-04  1.28149518e+00  4.02800000e-04  1.27963268e+00 
 4.12800000e-04  1.28508425e+00  4.12800000e-04  1.28348421e+00 
 4.22800000e-04  1.28829330e+00  4.22800000e-04  1.28699056e+00 
 4.32800000e-04  1.29111915e+00  4.32800000e-04  1.29016248e+00 
 4.42800000e-04  1.29355901e+00  4.42800000e-04  1.29299274e+00 
 4.52800000e-04  1.29561047e+00  4.52800000e-04  1.29546096e+00 
 4.62800000e-04  1.29727152e+00  4.62800000e-04  1.29754071e+00 
 4.72800000e-04  1.29854050e+00  4.72800000e-04  1.29920655e+00 
 4.82800000e-04  1.29941618e+00  4.82800000e-04  1.30043942e+00 
 4.92800000e-04  1.29989768e+00  4.92800000e-04  1.30122954e+00 
 5.02800000e-04  1.29998452e+00  5.02800000e-04  1.30157674e+00 
 5.12800000e-04  1.29967664e+00  5.12800000e-04  1.30148887e+00 
 5.22800000e-04  1.29897432e+00  5.22800000e-04  1.30097886e+00 
 5.32800000e-04  1.29787826e+00  5.32800000e-04  1.30006144e+00 
 5.42800000e-04  1.29638954e+00  5.42800000e-04  1.29875020e+00 
 5.52800000e-04  1.29450963e+00  5.52800000e-04  1.29705550e+00 
 5.62800000e-04  1.29224039e+00  5.62800000e-04  1.29498354e+00 
 5.72800000e-04  1.28958406e+00  5.72800000e-04  1.29253668e+00 
 5.82800000e-04  1.28654325e+00  5.82800000e-04  1.28971462e+00 
 5.92800000e-04  1.28312097e+00  5.92800000e-04  1.28651629e+00 
 6.02800000e-04  1.27932060e+00  6.02800000e-04  1.28294178e+00 
 6.12800000e-04  1.27514588e+00  6.12800000e-04  1.27899386e+00 
 6.22800000e-04  1.27060095e+00  6.22800000e-04  1.27467873e+00 
 6.32800000e-04  1.26569027e+00  6.32800000e-04  1.27000573e+00 
 6.42800000e-04  1.26041870e+00  6.42800000e-04  1.26498612e+00 
 6.52800000e-04  1.25479144e+00  6.52800000e-04  1.25963138e+00 
 6.62800000e-04  1.24881404e+00  6.62800000e-04  1.25395135e+00 
 6.72800000e-04  1.24249241e+00  6.72800000e-04  1.24795296e+00 
 6.82800000e-04  1.23583278e+00  6.82800000e-04  1.24163979e+00 
 6.92800000e-04  1.22884172e+00  6.92800000e-04  1.23501273e+00 
 7.02800000e-04  1.22152613e+00  7.02800000e-04  1.22807118e+00 
 7.12800000e-04  1.21389324e+00  7.12800000e-04  1.22081461e+00 
 7.22800000e-04  1.20595057e+00  7.22800000e-04  1.21324373e+00 
 7.32800000e-04  1.19770597e+00  7.32800000e-04  1.20536107e+00 
 7.42800000e-04  1.18916756e+00  7.42800000e-04  1.19717088e+00 
 7.52800000e-04  1.18034379e+00  7.52800000e-04  1.18867873e+00 
 7.62800000e-04  1.17124334e+00  7.62800000e-04  1.17989109e+00 
 7.72800000e-04  1.16187522e+00  7.72800000e-04  1.17081516e+00 
 7.82800000e-04  1.15224865e+00  7.82800000e-04  1.16145901e+00 
 7.92800000e-04  1.14237315e+00  7.92800000e-04  1.15183181e+00 
 8.02800000e-04  1.13225845e+00  8.02800000e-04  1.14194395e+00 
 8.12800000e-04  1.12191454e+00  8.12800000e-04  1.13180697e+00 
 8.22800000e-04  1.11135163e+00  8.22800000e-04  1.12143318e+00 
 8.32800000e-04  1.10058013e+00  8.32800000e-04  1.11083521e+00 
 8.42800000e-04  1.08961070e+00  8.42800000e-04  1.10002553e+00 
 8.52800000e-04  1.07845413e+00  8.52800000e-04  1.08901622e+00 
 8.62800000e-04  1.06712146e+00  8.62800000e-04  1.07781887e+00 
 8.72800000e-04  1.05562386e+00  8.72800000e-04  1.06644476e+00 
 8.82800000e-04  1.04397267e+00  8.82800000e-04  1.05490510e+00 
 8.92800000e-04  1.03217940e+00  8.92800000e-04  1.04321128e+00 
 9.02800000e-04  1.02025569e+00  9.02800000e-04  1.03137497e+00 
 9.12800000e-04  1.00821329e+00  9.12800000e-04  1.01940820e+00 
 9.22800000e-04  9.96064109e-01  9.22800000e-04  1.00732326e+00 
 9.32800000e-04  9.83820120e-01  9.32800000e-04  9.95132571e-01 
 9.42800000e-04  9.71493411e-01  9.42800000e-04  9.82848579e-01 
 9.52800000e-04  9.59096146e-01  9.52800000e-04  9.70483662e-01 
 9.62800000e-04  9.46640560e-01  9.62800000e-04  9.58050132e-01 
 9.72800000e-04  9.34138946e-01  9.72800000e-04  9.45560274e-01 
 9.82800000e-04  9.21603641e-01  9.82800000e-04  9.33026396e-01 
 9.92800000e-04  9.09047015e-01  9.92800000e-04  9.20460888e-01 
 1.00280000e-03  8.96481462e-01  1.00280000e-03  9.07876228e-01 
 1.01280000e-03  8.83919380e-01  1.01280000e-03  8.95284979e-01 
 1.02280000e-03  8.71373169e-01  1.02280000e-03  8.82699736e-01 
 1.03280000e-03  8.58855208e-01  1.03280000e-03  8.70133092e-01 
 1.04280000e-03  8.46377852e-01  1.04280000e-03  8.57597582e-01 
 1.05280000e-03  8.33953416e-01  1.05280000e-03  8.45105671e-01 
 1.06280000e-03  8.21594159e-01  1.06280000e-03  8.32669738e-01 
 1.07280000e-03  8.09312279e-01  1.07280000e-03  8.20302088e-01 
 1.08280000e-03  7.97119897e-01  1.08280000e-03  8.08014949e-01 
 1.09280000e-03  7.85029045e-01  1.09280000e-03  7.95820487e-01 
 1.10280000e-03  7.73051656e-01  1.10280000e-03  7.83730791e-01 
 1.11280000e-03  7.61199549e-01  1.11280000e-03  7.71757858e-01 
 1.12280000e-03  7.49484422e-01  1.12280000e-03  7.59913569e-01 
 1.13280000e-03  7.37917835e-01  1.13280000e-03  7.48209673e-01 
 1.14280000e-03  7.26511204e-01  1.14280000e-03  7.36657762e-01 
 1.15280000e-03  7.15275785e-01  1.15280000e-03  7.25269263e-01 
 1.16280000e-03  7.04222667e-01  1.16280000e-03  7.14055425e-01 
 1.17280000e-03  6.93362757e-01  1.17280000e-03  7.03027324e-01 
 1.18280000e-03  6.82706774e-01  1.18280000e-03  6.92195843e-01 
 1.19280000e-03  6.72265233e-01  1.19280000e-03  6.81571680e-01 
 1.20280000e-03  6.62048438e-01  1.20280000e-03  6.71165322e-01 
 1.21280000e-03  6.52066473e-01  1.21280000e-03  6.60987046e-01 
 1.22280000e-03  6.42329188e-01  1.22280000e-03  6.51046894e-01 
 1.23280000e-03  6.32846193e-01  1.23280000e-03  6.41354671e-01 
 1.24280000e-03  6.23626847e-01  1.24280000e-03  6.31919923e-01 
 1.25280000e-03  6.14680248e-01  1.25280000e-03  6.22751941e-01 
 1.26280000e-03  6.06015225e-01  1.26280000e-03  6.13859741e-01 
 1.27280000e-03  5.97640329e-01  1.27280000e-03  6.05252068e-01 
 1.28280000e-03  5.89563826e-01  1.28280000e-03  5.96937380e-01 
 1.29280000e-03  5.81793686e-01  1.29280000e-03  5.88923849e-01 
 1.30280000e-03  5.74337577e-01  1.30280000e-03  5.81219341e-01 
 1.31280000e-03  5.67202858e-01  1.31280000e-03  5.73831420e-01 
 1.32280000e-03  5.60396569e-01  1.32280000e-03  5.66767329e-01 
 1.33280000e-03  5.53925428e-01  1.33280000e-03  5.60033991e-01 
 1.34280000e-03  5.47795820e-01  1.34280000e-03  5.53637995e-01 
 1.35280000e-03  5.42013796e-01  1.35280000e-03  5.47585597e-01 
 1.36280000e-03  5.36585061e-01  1.36280000e-03  5.41882708e-01 
 1.37280000e-03  5.31514972e-01  1.37280000e-03  5.36534896e-01 
 1.38280000e-03  5.26808534e-01  1.38280000e-03  5.31547373e-01 
 1.39280000e-03  5.22470391e-01  1.39280000e-03  5.26925000e-01 
 1.40280000e-03  5.18504823e-01  1.40280000e-03  5.22672268e-01 
 1.41280000e-03  5.14915746e-01  1.41280000e-03  5.18793310e-01 
 1.42280000e-03  5.11706700e-01  1.42280000e-03  5.15291883e-01 
 1.43280000e-03  5.08880853e-01  1.43280000e-03  5.12171372e-01 
 1.44280000e-03  5.06440993e-01  1.44280000e-03  5.09434784e-01 
 1.45280000e-03  5.04389528e-01  1.45280000e-03  5.07084748e-01 
 1.46280000e-03  5.02728483e-01  1.46280000e-03  5.05123510e-01 
 1.47280000e-03  5.01459497e-01  1.47280000e-03  5.03552934e-01 
 1.48280000e-03  5.00583823e-01  1.48280000e-03  5.02374495e-01 
 1.49280000e-03  5.00102324e-01  1.49280000e-03  5.01589287e-01 
 1.50280000e-03  5.00015475e-01  1.50280000e-03  5.01198010e-01 
 1.51280000e-03  5.00323364e-01  1.51280000e-03  5.01200980e-01 
 1.52280000e-03  5.01025684e-01  1.52280000e-03  5.01598123e-01 
 1.53280000e-03  5.02121745e-01  1.53280000e-03  5.02388977e-01 
 1.54280000e-03  5.03610463e-01  1.54280000e-03  5.03572692e-01 
 1.55280000e-03  5.05490369e-01  1.55280000e-03  5.05148033e-01 
 1.56280000e-03  5.07759609e-01  1.56280000e-03  5.07113376e-01 
 1.57280000e-03  5.10415943e-01  1.57280000e-03  5.09466720e-01 
 1.58280000e-03  5.13456750e-01  1.58280000e-03  5.12205677e-01 
 1.59280000e-03  5.16879028e-01  1.59280000e-03  5.15327484e-01 
 1.60280000e-03  5.20679400e-01  1.60280000e-03  5.18829001e-01 
 1.61280000e-03  5.24854115e-01  1.61280000e-03  5.22706714e-01 
 1.62280000e-03  5.29399055e-01  1.62280000e-03  5.26956742e-01 
 1.63280000e-03  5.34309732e-01  1.63280000e-03  5.31574838e-01 
 1.64280000e-03  5.39581302e-01  1.64280000e-03  5.36556396e-01 
 1.65280000e-03  5.45208562e-01  1.65280000e-03  5.41896452e-01 
 1.66280000e-03  5.51185958e-01  1.66280000e-03  5.47589691e-01 
 1.67280000e-03  5.57507591e-01  1.67280000e-03  5.53630457e-01 
 1.68280000e-03  5.64167223e-01  1.68280000e-03  5.60012748e-01 
 1.69280000e-03  5.71158282e-01  1.69280000e-03  5.66730233e-01 
 1.70280000e-03  5.78473867e-01  1.70280000e-03  5.73776252e-01 
 1.71280000e-03  5.86106760e-01  1.71280000e-03  5.81143825e-01 
 1.72280000e-03  5.94049428e-01  1.72280000e-03  5.88825657e-01 
 1.73280000e-03  6.02294032e-01  1.73280000e-03  5.96814149e-01 
 1.74280000e-03  6.10832435e-01  1.74280000e-03  6.05101402e-01 
 1.75280000e-03  6.19656213e-01  1.75280000e-03  6.13679226e-01 
 1.76280000e-03  6.28756655e-01  1.76280000e-03  6.22539150e-01 
 1.77280000e-03  6.38124783e-01  1.77280000e-03  6.31672427e-01 
 1.78280000e-03  6.47751349e-01  1.78280000e-03  6.41070046e-01 
 1.79280000e-03  6.57626854e-01  1.79280000e-03  6.50722740e-01 
 1.80280000e-03  6.67741553e-01  1.80280000e-03  6.60620992e-01 
 1.81280000e-03  6.78085462e-01  1.81280000e-03  6.70755050e-01 
 1.82280000e-03  6.88648374e-01  1.82280000e-03  6.81114932e-01 
 1.83280000e-03  6.99419865e-01  1.83280000e-03  6.91690439e-01 
 1.84280000e-03  7.10389304e-01  1.84280000e-03  7.02471163e-01 
 1.85280000e-03  7.21545866e-01  1.85280000e-03  7.13446499e-01 
 1.86280000e-03  7.32878541e-01  1.86280000e-03  7.24605652e-01 
 1.87280000e-03  7.44376145e-01  1.87280000e-03  7.35937652e-01 
 1.88280000e-03  7.56027330e-01  1.88280000e-03  7.47431362e-01 
 1.89280000e-03  7.67820599e-01  1.89280000e-03  7.59075492e-01 
 1.90280000e-03  7.79744313e-01  1.90280000e-03  7.70858604e-01 
 1.91280000e-03  7.91786705e-01  1.91280000e-03  7.82769129e-01 
 1.92280000e-03  8.03935891e-01  1.92280000e-03  7.94795376e-01 
 1.93280000e-03  8.16179880e-01  1.93280000e-03  8.06925546e-01 
 1.94280000e-03  8.28506589e-01  1.94280000e-03  8.19147736e-01 
 1.95280000e-03  8.40903854e-01  1.95280000e-03  8.31449960e-01 
 1.96280000e-03  8.53359440e-01  1.96280000e-03  8.43820156e-01 
 1.97280000e-03  8.65861054e-01  1.97280000e-03  8.56246197e-01 
 1.98280000e-03  8.78396359e-01  1.98280000e-03  8.68715904e-01 
 1.99280000e-03  8.90952985e-01  1.99280000e-03  8.81217059e-01 
 2.00280000e-03  9.03518538e-01  2.00280000e-03  8.93737415e-01 
 2.01280000e-03  9.16080620e-01  2.01280000e-03  9.06264708e-01 
 2.02280000e-03  9.28626831e-01  2.02280000e-03  9.18786670e-01 
 2.03280000e-03  9.41144792e-01  2.03280000e-03  9.31291042e-01 
 2.04280000e-03  9.53622148e-01  2.04280000e-03  9.43765581e-01 
 2.05280000e-03  9.66046584e-01  2.05280000e-03  9.56198079e-01 
 2.06280000e-03  9.78405841e-01  2.06280000e-03  9.68576369e-01 
 2.07280000e-03  9.90687721e-01  2.07280000e-03  9.80888339e-01 
 2.08280000e-03  1.00288010e+00  2.08280000e-03  9.93121947e-01 
 2.09280000e-03  1.01497096e+00  2.09280000e-03  1.00526523e+00 
 2.10280000e-03  1.02694834e+00  2.10280000e-03  1.01730631e+00 
 2.11280000e-03  1.03880045e+00  2.11280000e-03  1.02923343e+00 
 2.12280000e-03  1.05051558e+00  2.12280000e-03  1.04103495e+00 
 2.13280000e-03  1.06208217e+00  2.13280000e-03  1.05269933e+00 
 2.14280000e-03  1.07348880e+00  2.14280000e-03  1.06421521e+00 
 2.15280000e-03  1.08472421e+00  2.15280000e-03  1.07557137e+00 
 2.16280000e-03  1.09577733e+00  2.16280000e-03  1.08675677e+00 
 2.17280000e-03  1.10663724e+00  2.17280000e-03  1.09776055e+00 
 2.18280000e-03  1.11729323e+00  2.18280000e-03  1.10857208e+00 
 2.19280000e-03  1.12773477e+00  2.19280000e-03  1.11918096e+00 
 2.20280000e-03  1.13795156e+00  2.20280000e-03  1.12957702e+00 
 2.21280000e-03  1.14793353e+00  2.21280000e-03  1.13975040e+00 
 2.22280000e-03  1.15767081e+00  2.22280000e-03  1.14969154e+00 
 2.23280000e-03  1.16715381e+00  2.23280000e-03  1.15939123e+00 
 2.24280000e-03  1.17637315e+00  2.24280000e-03  1.16884066e+00 
 2.25280000e-03  1.18531975e+00  2.25280000e-03  1.17803141e+00 
 2.26280000e-03  1.19398478e+00  2.26280000e-03  1.18695550e+00 
 2.27280000e-03  1.20235967e+00  2.27280000e-03  1.19560535e+00 
 2.28280000e-03  1.21043617e+00  2.28280000e-03  1.20397372e+00 
 2.29280000e-03  1.21820631e+00  2.29280000e-03  1.21205353e+00 
 2.30280000e-03  1.22566242e+00  2.30280000e-03  1.21983768e+00 
 2.31280000e-03  1.23279714e+00  2.31280000e-03  1.22731877e+00 
 2.32280000e-03  1.23960343e+00  2.32280000e-03  1.23448883e+00 
 2.33280000e-03  1.24607457e+00  2.33280000e-03  1.24133926e+00 
 2.34280000e-03  1.25220418e+00  2.34280000e-03  1.24786088e+00 
 2.35280000e-03  1.25798620e+00  2.35280000e-03  1.25404418e+00 
 2.36280000e-03  1.26341494e+00  2.36280000e-03  1.25987976e+00 
 2.37280000e-03  1.26848503e+00  2.37280000e-03  1.26535870e+00 
 2.38280000e-03  1.27319147e+00  2.38280000e-03  1.27047291e+00 
 2.39280000e-03  1.27752961e+00  2.39280000e-03  1.27521527e+00 
 2.40280000e-03  1.28149518e+00  2.40280000e-03  1.27957961e+00 
 2.41280000e-03  1.28508425e+00  2.41280000e-03  1.28356060e+00 
 2.42280000e-03  1.28829330e+00  2.42280000e-03  1.28715352e+00 
 2.43280000e-03  1.29111915e+00  2.43280000e-03  1.29035405e+00 
 2.44280000e-03  1.29355901e+00  2.44280000e-03  1.29315820e+00 
 2.45280000e-03  1.29561047e+00  2.45280000e-03  1.29556220e+00 
 2.46280000e-03  1.29727152e+00  2.46280000e-03  1.29756255e+00 
 2.47280000e-03  1.29854050e+00  2.47280000e-03  1.29915613e+00 
 2.48280000e-03  1.29941618e+00  2.48280000e-03  1.30034033e+00 
 2.49280000e-03  1.29989768e+00  2.49280000e-03  1.30111323e+00 
 2.50280000e-03  1.29998452e+00  2.50280000e-03  1.30147373e+00 
 2.51280000e-03  1.29967664e+00  2.51280000e-03  1.30142173e+00 
 2.52280000e-03  1.29897432e+00  2.52280000e-03  1.30095821e+00 
 2.53280000e-03  1.29787826e+00  2.53280000e-03  1.30008529e+00 
 2.54280000e-03  1.29638954e+00  2.54280000e-03  1.29880626e+00 
 2.55280000e-03  1.29450963e+00  2.55280000e-03  1.29712549e+00 
 2.56280000e-03  1.29224039e+00  2.56280000e-03  1.29504837e+00 
 2.57280000e-03  1.28958406e+00  2.57280000e-03  1.29258110e+00 
 2.58280000e-03  1.28654325e+00  2.58280000e-03  1.28973055e+00 
 2.59280000e-03  1.28312097e+00  2.59280000e-03  1.28650394e+00 
 2.60280000e-03  1.27932060e+00  2.60280000e-03  1.28290865e+00 
 2.61280000e-03  1.27514588e+00  2.61280000e-03  1.27895196e+00 
 2.62280000e-03  1.27060095e+00  2.62280000e-03  1.27464081e+00 
 2.63280000e-03  1.26569027e+00  2.63280000e-03  1.26998167e+00 
 2.64280000e-03  1.26041870e+00  2.64280000e-03  1.26498051e+00 
 2.65280000e-03  1.25479144e+00  2.65280000e-03  1.25964275e+00 
 2.66280000e-03  1.24881404e+00  2.66280000e-03  1.25397339e+00 
 2.67280000e-03  1.24249241e+00  2.67280000e-03  1.24797706e+00 
 2.68280000e-03  1.23583278e+00  2.68280000e-03  1.24165807e+00 
 2.69280000e-03  1.22884172e+00  2.69280000e-03  1.23502045e+00 
 2.70280000e-03  1.22152613e+00  2.70280000e-03  1.22806786e+00 
 2.71280000e-03  1.21389324e+00  2.71280000e-03  1.22080351e+00 
 2.72280000e-03  1.20595057e+00  2.72280000e-03  1.21323014e+00 
 2.73280000e-03  1.19770597e+00  2.73280000e-03  1.20535012e+00 
 2.74280000e-03  1.18916756e+00  2.74280000e-03  1.19716578e+00 
 2.75280000e-03  1.18034379e+00  2.75280000e-03  1.18867999e+00 
 2.76280000e-03  1.17124334e+00  2.76280000e-03  1.17989689e+00 
 2.77280000e-03  1.16187522e+00  2.77280000e-03  1.17082245e+00 
 2.78280000e-03  1.15224865e+00  2.78280000e-03  1.16146486e+00 
 2.79280000e-03  1.14237315e+00  2.79280000e-03  1.15183446e+00 
 2.80280000e-03  1.13225845e+00  2.80280000e-03  1.14194318e+00 
 2.81280000e-03  1.12191454e+00  2.81280000e-03  1.13180384e+00 
 2.82280000e-03  1.11135163e+00  2.82280000e-03  1.12142936e+00 
 2.83280000e-03  1.10058013e+00  2.83280000e-03  1.11083224e+00 
 2.84280000e-03  1.08961070e+00  2.84280000e-03  1.10002430e+00 
 2.85280000e-03  1.07845413e+00  2.85280000e-03  1.08901676e+00 
 2.86280000e-03  1.06712146e+00  2.86280000e-03  1.07782057e+00 
 2.87280000e-03  1.05562386e+00  2.87280000e-03  1.06644673e+00 
 2.88280000e-03  1.04397267e+00  2.88280000e-03  1.05490656e+00 
 2.89280000e-03  1.03217940e+00  2.89280000e-03  1.04321180e+00 
 2.90280000e-03  1.02025569e+00  2.90280000e-03  1.03137458e+00 
 2.91280000e-03  1.00821329e+00  2.91280000e-03  1.01940726e+00 
 2.92280000e-03  9.96064109e-01  2.92280000e-03  1.00732224e+00 
 2.93280000e-03  9.83820120e-01  2.93280000e-03  9.95131875e-01 
 2.94280000e-03  9.71493411e-01  2.94280000e-03  9.82848384e-01 
 2.95280000e-03  9.59096146e-01  2.95280000e-03  9.70483922e-01 
 2.96280000e-03  9.46640560e-01  2.96280000e-03  9.58050643e-01 
 2.97280000e-03  9.34138946e-01  2.97280000e-03  9.45560785e-01 
 2.98280000e-03  9.21603641e-01  2.98280000e-03  9.33026717e-01 
 2.99280000e-03  9.09047015e-01  2.99280000e-03  9.20460941e-01 
 3.00280000e-03  8.96481462e-01  3.00280000e-03  9.07876057e-01 
 3.01280000e-03  8.83919380e-01  3.01280000e-03  8.95284700e-01 
 3.02280000e-03  8.71373169e-01  3.02280000e-03  8.82699482e-01 
 3.03280000e-03  8.58855208e-01  3.03280000e-03  8.70132952e-01 
 3.04280000e-03  8.46377852e-01  3.04280000e-03  8.57597584e-01 
 3.05280000e-03  8.33953416e-01  3.05280000e-03  8.45105780e-01 
 3.06280000e-03  8.21594159e-01  3.06280000e-03  8.32669888e-01 
 3.07280000e-03  8.09312279e-01  3.07280000e-03  8.20302211e-01 
 3.08280000e-03  7.97119897e-01  3.08280000e-03  8.08015004e-01 
 3.09280000e-03  7.85029045e-01  3.09280000e-03  7.95820469e-01 
 3.10280000e-03  7.73051656e-01  3.10280000e-03  7.83730724e-01 
 3.11280000e-03  7.61199549e-01  3.11280000e-03  7.71757778e-01 
 3.12280000e-03  7.49484422e-01  3.12280000e-03  7.59913511e-01 
 3.13280000e-03  7.37917835e-01  3.13280000e-03  7.48209655e-01 
 3.14280000e-03  7.26511204e-01  3.14280000e-03  7.36657781e-01 
 3.15280000e-03  7.15275785e-01  3.15280000e-03  7.25269303e-01 
 3.16280000e-03  7.04222667e-01  3.16280000e-03  7.14055466e-01 
 3.17280000e-03  6.93362757e-01  3.17280000e-03  7.03027349e-01 
 3.18280000e-03  6.82706774e-01  3.18280000e-03  6.92195846e-01 
 3.19280000e-03  6.72265233e-01  3.19280000e-03  6.81571664e-01 
 3.20280000e-03  6.62048438e-01  3.20280000e-03  6.71165299e-01 
 3.21280000e-03  6.52066473e-01  3.21280000e-03  6.60987026e-01 
 3.22280000e-03  6.42329188e-01  3.22280000e-03  6.51046885e-01 
 3.23280000e-03  6.32846193e-01  3.23280000e-03  6.41354673e-01 
 3.24280000e-03  6.23626847e-01  3.24280000e-03  6.31919934e-01 
 3.25280000e-03  6.14680248e-01  3.25280000e-03  6.22751954e-01 
 3.26280000e-03  6.06015225e-01  3.26280000e-03  6.13859750e-01 
 3.27280000e-03  5.97640329e-01  3.27280000e-03  6.05252071e-01 
 3.28280000e-03  5.89563826e-01  3.28280000e-03  5.96937377e-01 
 3.29280000e-03  5.81793686e-01  3.29280000e-03  5.88923842e-01 
 3.30280000e-03  5.74337577e-01  3.30280000e-03  5.81219335e-01 
 3.31280000e-03  5.67202858e-01  3.31280000e-03  5.73831416e-01 
 3.32280000e-03  5.60396569e-01  3.32280000e-03  5.66767329e-01 
 3.33280000e-03  5.53925428e-01  3.33280000e-03  5.60033994e-01 
 3.34280000e-03  5.47795820e-01  3.34280000e-03  5.53637999e-01 
 3.35280000e-03  5.42013796e-01  3.35280000e-03  5.47585600e-01 
 3.36280000e-03  5.36585061e-01  3.36280000e-03  5.41882709e-01 
 3.37280000e-03  5.31514972e-01  3.37280000e-03  5.36534895e-01 
 3.38280000e-03  5.26808534e-01  3.38280000e-03  5.31547371e-01 
 3.39280000e-03  5.22470391e-01  3.39280000e-03  5.26924997e-01 
 3.40280000e-03  5.18504823e-01  3.40280000e-03  5.22672267e-01 
 3.41280000e-03  5.14915746e-01  3.41280000e-03  5.18793310e-01 
 3.42280000e-03  5.11706700e-01  3.42280000e-03  5.15291884e-01 
 3.43280000e-03  5.08880853e-01  3.43280000e-03  5.12171373e-01 
 3.44280000e-03  5.06440993e-01  3.44280000e-03  5.09434785e-01 
 3.45280000e-03  5.04389528e-01  3.45280000e-03  5.07084749e-01 
 3.46280000e-03  5.02728483e-01  3.46280000e-03  5.05123510e-01 
 3.47280000e-03  5.01459497e-01  3.47280000e-03  5.03552933e-01 
 3.48280000e-03  5.00583823e-01  3.48280000e-03  5.02374495e-01 
 3.49280000e-03  5.00102324e-01  3.49280000e-03  5.01589286e-01 
 3.50280000e-03  5.00015475e-01  3.50280000e-03  5.01198010e-01 
 3.51280000e-03  5.00323364e-01  3.51280000e-03  5.01200981e-01 
 3.52280000e-03  5.01025684e-01  3.52280000e-03  5.01598124e-01 
 3.53280000e-03  5.02121745e-01  3.53280000e-03  5.02388978e-01 
 3.54280000e-03  5.03610463e-01  3.54280000e-03  5.03572693e-01 
 3.55280000e-03  5.05490369e-01  3.55280000e-03  5.05148032e-01 
 3.56280000e-03  5.07759609e-01  3.56280000e-03  5.07113376e-01 
 3.57280000e-03  5.10415943e-01  3.57280000e-03  5.09466720e-01 
 3.58280000e-03  5.13456750e-01  3.58280000e-03  5.12205677e-01 
 3.59280000e-03  5.16879028e-01  3.59280000e-03  5.15327484e-01 
 3.60280000e-03  5.20679400e-01  3.60280000e-03  5.18829001e-01 
 3.61280000e-03  5.24854115e-01  3.61280000e-03  5.22706714e-01 
 3.62280000e-03  5.29399055e-01  3.62280000e-03  5.26956742e-01 
 3.63280000e-03  5.34309732e-01  3.63280000e-03  5.31574838e-01 
 3.64280000e-03  5.39581302e-01  3.64280000e-03  5.36556396e-01 
 3.65280000e-03  5.45208562e-01  3.65280000e-03  5.41896451e-01 
 3.66280000e-03  5.51185958e-01  3.66280000e-03  5.47589691e-01 
 3.67280000e-03  5.57507591e-01  3.67280000e-03  5.53630457e-01 
 3.68280000e-03  5.64167223e-01  3.68280000e-03  5.60012748e-01 
 3.69280000e-03  5.71158282e-01  3.69280000e-03  5.66730233e-01 
 3.70280000e-03  5.78473867e-01  3.70280000e-03  5.73776252e-01 
 3.71280000e-03  5.86106760e-01  3.71280000e-03  5.81143825e-01 
 3.72280000e-03  5.94049428e-01  3.72280000e-03  5.88825657e-01 
 3.73280000e-03  6.02294032e-01  3.73280000e-03  5.96814149e-01 
 3.74280000e-03  6.10832435e-01  3.74280000e-03  6.05101402e-01 
 3.75280000e-03  6.19656213e-01  3.75280000e-03  6.13679226e-01 
 3.76280000e-03  6.28756655e-01  3.76280000e-03  6.22539150e-01 
 3.77280000e-03  6.38124783e-01  3.77280000e-03  6.31672427e-01 
 3.78280000e-03  6.47751349e-01  3.78280000e-03  6.41070046e-01 
 3.79280000e-03  6.57626854e-01  3.79280000e-03  6.50722740e-01 
 3.80280000e-03  6.67741553e-01  3.80280000e-03  6.60620992e-01 
 3.81280000e-03  6.78085462e-01  3.81280000e-03  6.70755050e-01 
 3.82280000e-03  6.88648374e-01  3.82280000e-03  6.81114932e-01 
 3.83280000e-03  6.99419865e-01  3.83280000e-03  6.91690439e-01 
 3.84280000e-03  7.10389304e-01  3.84280000e-03  7.02471163e-01 
 3.85280000e-03  7.21545866e-01  3.85280000e-03  7.13446499e-01 
 3.86280000e-03  7.32878541e-01  3.86280000e-03  7.24605652e-01 
 3.87280000e-03  7.44376145e-01  3.87280000e-03  7.35937652e-01 
 3.88280000e-03  7.56027330e-01  3.88280000e-03  7.47431363e-01 
 3.89280000e-03  7.67820599e-01  3.89280000e-03  7.59075492e-01 
 3.90280000e-03  7.79744313e-01  3.90280000e-03  7.70858604e-01 
 3.91280000e-03  7.91786705e-01  3.91280000e-03  7.82769129e-01 
 3.92280000e-03  8.03935891e-01  3.92280000e-03  7.94795377e-01 
 3.93280000e-03  8.16179880e-01  3.93280000e-03  8.06925545e-01 
 3.94280000e-03  8.28506589e-01  3.94280000e-03  8.19147736e-01 
 3.95280000e-03  8.40903854e-01  3.95280000e-03  8.31449960e-01 
 3.96280000e-03  8.53359440e-01  3.96280000e-03  8.43820156e-01 
 3.97280000e-03  8.65861054e-01  3.97280000e-03  8.56246197e-01 
 3.98280000e-03  8.78396359e-01  3.98280000e-03  8.68715904e-01 
 3.99280000e-03  8.90952985e-01  3.99280000e-03  8.81217059e-01 
 4.00000000e-03  9.00000000e-01  4.00000000e-03  8.90230797e-01 
