 1.00918923e+00  9.00288528e-01  1.00918923e+00  9.00009006e-01  1.00918923e+00  8.98959914e-01  1.00918923e+00  7.72594630e-01 
 1.01918923e+00  9.00601388e-01  1.01918923e+00  9.00139975e-01  1.01918923e+00  8.99082559e-01  1.01918923e+00  7.91679728e-01 
 1.02918923e+00  9.00911875e-01  1.02918923e+00  9.00270020e-01  1.02918923e+00  8.99204353e-01  1.02918923e+00  8.10594268e-01 
 1.03918923e+00  9.01218763e-01  1.03918923e+00  9.00398655e-01  1.03918923e+00  8.99324859e-01  1.03918923e+00  8.29270817e-01 
 1.04918923e+00  9.01520841e-01  1.04918923e+00  9.00525570e-01  1.04918923e+00  8.99443768e-01  1.04918923e+00  8.47653453e-01 
 1.05918923e+00  9.01816917e-01  1.05918923e+00  9.00650201e-01  1.05918923e+00  8.99560585e-01  1.05918923e+00  8.65644654e-01 
 1.06918923e+00  9.02105822e-01  1.06918923e+00  9.00771961e-01  1.06918923e+00  8.99674732e-01  1.06918923e+00  8.83160210e-01 
 1.07918923e+00  9.02386417e-01  1.07918923e+00  9.00890522e-01  1.07918923e+00  8.99785928e-01  1.07918923e+00  9.00142538e-01 
 1.08918923e+00  9.02657593e-01  1.08918923e+00  9.01005586e-01  1.08918923e+00  8.99893882e-01  1.08918923e+00  9.16525235e-01 
 1.09918923e+00  9.02918282e-01  1.09918923e+00  9.01116900e-01  1.09918923e+00  8.99998379e-01  1.09918923e+00  9.32266566e-01 
 1.10100000e+00  9.02964284e-01  1.10100000e+00  9.01136575e-01  1.10100000e+00  9.00016851e-01  1.10100000e+00  9.35040380e-01 
 1.10200000e+00  9.02989525e-01  1.10200000e+00  9.01147345e-01  1.10200000e+00  9.00026962e-01  1.10200000e+00  9.36559693e-01 
 1.10400000e+00  9.03039651e-01  1.10400000e+00  9.01168778e-01  1.10400000e+00  9.00047087e-01  1.10400000e+00  9.39583028e-01 
 1.10800000e+00  9.03138457e-01  1.10800000e+00  9.01211100e-01  1.10800000e+00  9.00086833e-01  1.10800000e+00  9.45535638e-01 
 1.11600000e+00  9.03330059e-01  1.11600000e+00  9.01293426e-01  1.11600000e+00  9.00164176e-01  1.11600000e+00  9.57054512e-01 
 1.12600000e+00  9.03557678e-01  1.12600000e+00  9.01391911e-01  1.12600000e+00  9.00256746e-01  1.12600000e+00  9.70727645e-01 
 1.13600000e+00  9.03771257e-01  1.13600000e+00  9.01485170e-01  1.13600000e+00  9.00344472e-01  1.13600000e+00  9.83543125e-01 
 1.14600000e+00  9.03969952e-01  1.14600000e+00  9.01572883e-01  1.14600000e+00  9.00427037e-01  1.14600000e+00  9.95464115e-01 
 1.15600000e+00  9.04152979e-01  1.15600000e+00  9.01654713e-01  1.15600000e+00  9.00504151e-01  1.15600000e+00  1.00642283e+00 
 1.16600000e+00  9.04319617e-01  1.16600000e+00  9.01730287e-01  1.16600000e+00  9.00575442e-01  1.16600000e+00  1.01637088e+00 
 1.17600000e+00  9.04469207e-01  1.17600000e+00  9.01799501e-01  1.17600000e+00  9.00640833e-01  1.17600000e+00  1.02528521e+00 
 1.18600000e+00  9.04601159e-01  1.18600000e+00  9.01862425e-01  1.18600000e+00  9.00700381e-01  1.18600000e+00  1.03315587e+00 
 1.19600000e+00  9.04714953e-01  1.19600000e+00  9.01918483e-01  1.19600000e+00  9.00753544e-01  1.19600000e+00  1.03995160e+00 
 1.20600000e+00  9.04810138e-01  1.20600000e+00  9.01967353e-01  1.20600000e+00  9.00800007e-01  1.20600000e+00  1.04561544e+00 
 1.21600000e+00  9.04886341e-01  1.21600000e+00  9.02009057e-01  1.21600000e+00  9.00839807e-01  1.21600000e+00  1.05014170e+00 
 1.22600000e+00  9.04943259e-01  1.22600000e+00  9.02043557e-01  1.22600000e+00  9.00872894e-01  1.22600000e+00  1.05353184e+00 
 1.23600000e+00  9.04980668e-01  1.23600000e+00  9.02070874e-01  1.23600000e+00  9.00899305e-01  1.23600000e+00  1.05577390e+00 
 1.24600000e+00  9.04998421e-01  1.24600000e+00  9.02090758e-01  1.24600000e+00  9.00918792e-01  1.24600000e+00  1.05684389e+00 
 1.25600000e+00  9.04996447e-01  1.25600000e+00  9.02103311e-01  1.25600000e+00  9.00931456e-01  1.25600000e+00  1.05675868e+00 
 1.26600000e+00  9.04974755e-01  1.26600000e+00  9.02108620e-01  1.26600000e+00  9.00937368e-01  1.26600000e+00  1.05553104e+00 
 1.27600000e+00  9.04933430e-01  1.27600000e+00  9.02106609e-01  1.27600000e+00  9.00936462e-01  1.27600000e+00  1.05316918e+00 
 1.28600000e+00  9.04872634e-01  1.28600000e+00  9.02097358e-01  1.28600000e+00  9.00928805e-01  1.28600000e+00  1.04967221e+00 
 1.29600000e+00  9.04792609e-01  1.29600000e+00  9.02080912e-01  1.29600000e+00  9.00914447e-01  1.29600000e+00  1.04505322e+00 
 1.30600000e+00  9.04693669e-01  1.30600000e+00  9.02057318e-01  1.30600000e+00  9.00893419e-01  1.30600000e+00  1.03932826e+00 
 1.31600000e+00  9.04576206e-01  1.31600000e+00  9.02026784e-01  1.31600000e+00  9.00865922e-01  1.31600000e+00  1.03252297e+00 
 1.32600000e+00  9.04440682e-01  1.32600000e+00  9.01989530e-01  1.32600000e+00  9.00832158e-01  1.32600000e+00  1.02466944e+00 
 1.33600000e+00  9.04287633e-01  1.33600000e+00  9.01945723e-01  1.33600000e+00  9.00792286e-01  1.33600000e+00  1.01579633e+00 
 1.34600000e+00  9.04117663e-01  1.34600000e+00  9.01895567e-01  1.34600000e+00  9.00746481e-01  1.34600000e+00  1.00594908e+00 
 1.35600000e+00  9.03931442e-01  1.35600000e+00  9.01839276e-01  1.35600000e+00  9.00694956e-01  1.35600000e+00  9.95159370e-01 
 1.36600000e+00  9.03729706e-01  1.36600000e+00  9.01777353e-01  1.36600000e+00  9.00638176e-01  1.36600000e+00  9.83477409e-01 
 1.37600000e+00  9.03513250e-01  1.37600000e+00  9.01709920e-01  1.37600000e+00  9.00576255e-01  1.37600000e+00  9.70954971e-01 
 1.38600000e+00  9.03282929e-01  1.38600000e+00  9.01637206e-01  1.38600000e+00  9.00509393e-01  1.38600000e+00  9.57632004e-01 
 1.39600000e+00  9.03039651e-01  1.39600000e+00  9.01559871e-01  1.39600000e+00  9.00438227e-01  1.39600000e+00  9.43580108e-01 
 1.40600000e+00  9.02784378e-01  1.40600000e+00  9.01478201e-01  1.40600000e+00  9.00363012e-01  1.40600000e+00  9.28853388e-01 
 1.41600000e+00  9.02518116e-01  1.41600000e+00  9.01392443e-01  1.41600000e+00  9.00283989e-01  1.41600000e+00  9.13490356e-01 
 1.42600000e+00  9.02241916e-01  1.42600000e+00  9.01303033e-01  1.42600000e+00  9.00201548e-01  1.42600000e+00  8.97562742e-01 
 1.43600000e+00  9.01956868e-01  1.43600000e+00  9.01210352e-01  1.43600000e+00  9.00116051e-01  1.43600000e+00  8.81148557e-01 
 1.44600000e+00  9.01664098e-01  1.44600000e+00  9.01114769e-01  1.44600000e+00  9.00027839e-01  1.44600000e+00  8.64291784e-01 
 1.45600000e+00  9.01364760e-01  1.45600000e+00  9.01016725e-01  1.45600000e+00  8.99937326e-01  1.45600000e+00  8.47064644e-01 
 1.46600000e+00  9.01060036e-01  1.46600000e+00  9.00916674e-01  1.46600000e+00  8.99844926e-01  1.46600000e+00  8.29552672e-01 
 1.47600000e+00  9.00751128e-01  1.47600000e+00  9.00815089e-01  1.47600000e+00  8.99751086e-01  1.47600000e+00  8.11828842e-01 
 1.48600000e+00  9.00439256e-01  1.48600000e+00  9.00712517e-01  1.48600000e+00  8.99656327e-01  1.48600000e+00  7.93944239e-01 
 1.49600000e+00  9.00125650e-01  1.49600000e+00  9.00609330e-01  1.49600000e+00  8.99560988e-01  1.49600000e+00  7.75978332e-01 
 1.50600000e+00  8.99811549e-01  1.50600000e+00  9.00505964e-01  1.50600000e+00  8.99465469e-01  1.50600000e+00  7.58014246e-01 
 1.51600000e+00  8.99498191e-01  1.51600000e+00  9.00402896e-01  1.51600000e+00  8.99370226e-01  1.51600000e+00  7.40110041e-01 
 1.52600000e+00  8.99186814e-01  1.52600000e+00  9.00300654e-01  1.52600000e+00  8.99275739e-01  1.52600000e+00  7.22354007e-01 
 1.53600000e+00  8.98878646e-01  1.53600000e+00  9.00199655e-01  1.53600000e+00  8.99182408e-01  1.53600000e+00  7.04817426e-01 
 1.54600000e+00  8.98574904e-01  1.54600000e+00  9.00100176e-01  1.54600000e+00  8.99090476e-01  1.54600000e+00  6.87551615e-01 
 1.55600000e+00  8.98276785e-01  1.55600000e+00  9.00002850e-01  1.55600000e+00  8.99000544e-01  1.55600000e+00  6.70645786e-01 
 1.56600000e+00  8.97985468e-01  1.56600000e+00  8.99908135e-01  1.56600000e+00  8.98913034e-01  1.56600000e+00  6.54173146e-01 
 1.57600000e+00  8.97702101e-01  1.57600000e+00  8.99816428e-01  1.57600000e+00  8.98828319e-01  1.57600000e+00  6.38196135e-01 
 1.58600000e+00  8.97427802e-01  1.58600000e+00  8.99728297e-01  1.58600000e+00  8.98746922e-01  1.58600000e+00  6.22803085e-01 
 1.59600000e+00  8.97163655e-01  1.59600000e+00  8.99644150e-01  1.59600000e+00  8.98669235e-01  1.59600000e+00  6.08050561e-01 
 1.60600000e+00  8.96910702e-01  1.60600000e+00  8.99564025e-01  1.60600000e+00  8.98595279e-01  1.60600000e+00  5.93964383e-01 
 1.61600000e+00  8.96669941e-01  1.61600000e+00  8.99488400e-01  1.61600000e+00  8.98525497e-01  1.61600000e+00  5.80620503e-01 
 1.62600000e+00  8.96442322e-01  1.62600000e+00  8.99417825e-01  1.62600000e+00  8.98460416e-01  1.62600000e+00  5.68074338e-01 
 1.63600000e+00  8.96228743e-01  1.63600000e+00  8.99352348e-01  1.63600000e+00  8.98400075e-01  1.63600000e+00  5.56350466e-01 
 1.64600000e+00  8.96030048e-01  1.64600000e+00  8.99292579e-01  1.64600000e+00  8.98345042e-01  1.64600000e+00  5.45521646e-01 
 1.65600000e+00  8.95847021e-01  1.65600000e+00  8.99239010e-01  1.65600000e+00  8.98295787e-01  1.65600000e+00  5.35653698e-01 
 1.66600000e+00  8.95680383e-01  1.66600000e+00  8.99191463e-01  1.66600000e+00  8.98252134e-01  1.66600000e+00  5.26740562e-01 
 1.67600000e+00  8.95530793e-01  1.67600000e+00  8.99150062e-01  1.67600000e+00  8.98214191e-01  1.67600000e+00  5.18812300e-01 
 1.68600000e+00  8.95398841e-01  1.68600000e+00  8.99115275e-01  1.68600000e+00  8.98182390e-01  1.68600000e+00  5.11940232e-01 
 1.69600000e+00  8.95285047e-01  1.69600000e+00  8.99087380e-01  1.69600000e+00  8.98157002e-01  1.69600000e+00  5.06152281e-01 
 1.70600000e+00  8.95189862e-01  1.70600000e+00  8.99066458e-01  1.70600000e+00  8.98138097e-01  1.70600000e+00  5.01462630e-01 
 1.71600000e+00  8.95113659e-01  1.71600000e+00  8.99052613e-01  1.71600000e+00  8.98125777e-01  1.71600000e+00  4.97885772e-01 
 1.72600000e+00  8.95056741e-01  1.72600000e+00  8.99046019e-01  1.72600000e+00  8.98120204e-01  1.72600000e+00  4.95432396e-01 
 1.73600000e+00  8.95019332e-01  1.73600000e+00  8.99046794e-01  1.73600000e+00  8.98121490e-01  1.73600000e+00  4.94126635e-01 
 1.74600000e+00  8.95001579e-01  1.74600000e+00  8.99054882e-01  1.74600000e+00  8.98129581e-01  1.74600000e+00  4.93963870e-01 
 1.75600000e+00  8.95003553e-01  1.75600000e+00  8.99070314e-01  1.75600000e+00  8.98144507e-01  1.75600000e+00  4.94945347e-01 
 1.76600000e+00  8.95025245e-01  1.76600000e+00  8.99093144e-01  1.76600000e+00  8.98166316e-01  1.76600000e+00  4.97082940e-01 
 1.77600000e+00  8.95066570e-01  1.77600000e+00  8.99123232e-01  1.77600000e+00  8.98194884e-01  1.77600000e+00  5.00350030e-01 
 1.78600000e+00  8.95127366e-01  1.78600000e+00  8.99160441e-01  1.78600000e+00  8.98230072e-01  1.78600000e+00  5.04738399e-01 
 1.79600000e+00  8.95207391e-01  1.79600000e+00  8.99204896e-01  1.79600000e+00  8.98272011e-01  1.79600000e+00  5.10250641e-01 
 1.80600000e+00  8.95306331e-01  1.80600000e+00  8.99256479e-01  1.80600000e+00  8.98320588e-01  1.80600000e+00  5.16866895e-01 
 1.81600000e+00  8.95423794e-01  1.81600000e+00  8.99314885e-01  1.81600000e+00  8.98375523e-01  1.81600000e+00  5.24547170e-01 
 1.82600000e+00  8.95559318e-01  1.82600000e+00  8.99379939e-01  1.82600000e+00  8.98436649e-01  1.82600000e+00  5.33262000e-01 
 1.83600000e+00  8.95712367e-01  1.83600000e+00  8.99451613e-01  1.83600000e+00  8.98503946e-01  1.83600000e+00  5.43002337e-01 
 1.84600000e+00  8.95882337e-01  1.84600000e+00  8.99529665e-01  1.84600000e+00  8.98577190e-01  1.84600000e+00  5.53730383e-01 
 1.85600000e+00  8.96068558e-01  1.85600000e+00  8.99613592e-01  1.85600000e+00  8.98655907e-01  1.85600000e+00  5.65388100e-01 
 1.86600000e+00  8.96270294e-01  1.86600000e+00  8.99703287e-01  1.86600000e+00  8.98739998e-01  1.86600000e+00  5.77945794e-01 
 1.87600000e+00  8.96486750e-01  1.87600000e+00  8.99798686e-01  1.87600000e+00  8.98829421e-01  1.87600000e+00  5.91369343e-01 
 1.88600000e+00  8.96717071e-01  1.88600000e+00  8.99899137e-01  1.88600000e+00  8.98923561e-01  1.88600000e+00  6.05581565e-01 
 1.89600000e+00  8.96960349e-01  1.89600000e+00  9.00004205e-01  1.89600000e+00  8.99021996e-01  1.89600000e+00  6.20537394e-01 
 1.90600000e+00  8.97215622e-01  1.90600000e+00  9.00113769e-01  1.90600000e+00  8.99124628e-01  1.90600000e+00  6.36199938e-01 
 1.91600000e+00  8.97481884e-01  1.91600000e+00  9.00227435e-01  1.91600000e+00  8.99231095e-01  1.91600000e+00  6.52493895e-01 
 1.92600000e+00  8.97758084e-01  1.92600000e+00  9.00344794e-01  1.92600000e+00  8.99341011e-01  1.92600000e+00  6.69366588e-01 
 1.93600000e+00  8.98043132e-01  1.93600000e+00  9.00465489e-01  1.93600000e+00  8.99454055e-01  1.93600000e+00  6.86743137e-01 
 1.94600000e+00  8.98335902e-01  1.94600000e+00  9.00589078e-01  1.94600000e+00  8.99569808e-01  1.94600000e+00  7.04562560e-01 
 1.95600000e+00  8.98635240e-01  1.95600000e+00  9.00715025e-01  1.95600000e+00  8.99687769e-01  1.95600000e+00  7.22754430e-01 
 1.96600000e+00  8.98939964e-01  1.96600000e+00  9.00842913e-01  1.96600000e+00  8.99807551e-01  1.96600000e+00  7.41241442e-01 
 1.97600000e+00  8.99248872e-01  1.97600000e+00  9.00972351e-01  1.97600000e+00  8.99928794e-01  1.97600000e+00  7.59956476e-01 
 1.98600000e+00  8.99560744e-01  1.98600000e+00  9.01102902e-01  1.98600000e+00  9.00051089e-01  1.98600000e+00  7.78832018e-01 
 1.99600000e+00  8.99874350e-01  1.99600000e+00  9.01234037e-01  1.99600000e+00  9.00173941e-01  1.99600000e+00  7.97792407e-01 
 2.00600000e+00  9.00188451e-01  2.00600000e+00  9.01365332e-01  2.00600000e+00  9.00296955e-01  2.00600000e+00  8.16767119e-01 
 2.01600000e+00  9.00501809e-01  2.01600000e+00  9.01496310e-01  2.01600000e+00  9.00419694e-01  2.01600000e+00  8.35665723e-01 
 2.02600000e+00  9.00813186e-01  2.02600000e+00  9.01626474e-01  2.02600000e+00  9.00541688e-01  2.02600000e+00  8.54420032e-01 
 2.03600000e+00  9.01121354e-01  2.03600000e+00  9.01755453e-01  2.03600000e+00  9.00662601e-01  2.03600000e+00  8.72953806e-01 
 2.04600000e+00  9.01425096e-01  2.04600000e+00  9.01882587e-01  2.04600000e+00  9.00781810e-01  2.04600000e+00  8.91183108e-01 
 2.05600000e+00  9.01723215e-01  2.05600000e+00  9.02007275e-01  2.05600000e+00  9.00898743e-01  2.05600000e+00  9.09027506e-01 
 2.06600000e+00  9.02014532e-01  2.06600000e+00  9.02129368e-01  2.06600000e+00  9.01013280e-01  2.06600000e+00  9.26428129e-01 
 2.07600000e+00  9.02297899e-01  2.07600000e+00  9.02248627e-01  2.07600000e+00  9.01125197e-01  2.07600000e+00  9.43337892e-01 
 2.08600000e+00  9.02572198e-01  2.08600000e+00  9.02364405e-01  2.08600000e+00  9.01233890e-01  2.08600000e+00  9.59679052e-01 
 2.09600000e+00  9.02836345e-01  2.09600000e+00  9.02476259e-01  2.09600000e+00  9.01338940e-01  2.09600000e+00  9.75374094e-01 
 2.10100000e+00  9.02964284e-01  2.10100000e+00  9.02530641e-01  2.10100000e+00  9.01390033e-01  2.10100000e+00  9.82967155e-01 
 2.10200000e+00  9.02989525e-01  2.10200000e+00  9.02541368e-01  2.10200000e+00  9.01400111e-01  2.10200000e+00  9.84460676e-01 
 2.10400000e+00  9.03039651e-01  2.10400000e+00  9.02562724e-01  2.10400000e+00  9.01420183e-01  2.10400000e+00  9.87432095e-01 
 2.10800000e+00  9.03138457e-01  2.10800000e+00  9.02604967e-01  2.10800000e+00  9.01459884e-01  2.10800000e+00  9.93292624e-01 
 2.11600000e+00  9.03330059e-01  2.11600000e+00  9.02687183e-01  2.11600000e+00  9.01537191e-01  2.11600000e+00  1.00464279e+00 
 2.12600000e+00  9.03557678e-01  2.12600000e+00  9.02785338e-01  2.12600000e+00  9.01629535e-01  2.12600000e+00  1.01807328e+00 
 2.13600000e+00  9.03771257e-01  2.13600000e+00  9.02878270e-01  2.13600000e+00  9.01717038e-01  2.13600000e+00  1.03063888e+00 
 2.14600000e+00  9.03969952e-01  2.14600000e+00  9.02965679e-01  2.14600000e+00  9.01799402e-01  2.14600000e+00  1.04231567e+00 
 2.15600000e+00  9.04152979e-01  2.15600000e+00  9.03047049e-01  2.15600000e+00  9.01876155e-01  2.15600000e+00  1.05303370e+00 
 2.16600000e+00  9.04319617e-01  2.16600000e+00  9.03122188e-01  2.16600000e+00  9.01947116e-01  2.16600000e+00  1.06273507e+00 
 2.17600000e+00  9.04469207e-01  2.17600000e+00  9.03191020e-01  2.17600000e+00  9.02012216e-01  2.17600000e+00  1.07142170e+00 
 2.18600000e+00  9.04601159e-01  2.18600000e+00  9.03253366e-01  2.18600000e+00  9.02071288e-01  2.18600000e+00  1.07906097e+00 
 2.19600000e+00  9.04714953e-01  2.19600000e+00  9.03308754e-01  2.19600000e+00  9.02123890e-01  2.19600000e+00  1.08559482e+00 
 2.20600000e+00  9.04810138e-01  2.20600000e+00  9.03357074e-01  2.20600000e+00  9.02169901e-01  2.20600000e+00  1.09102441e+00 
 2.21600000e+00  9.04886341e-01  2.21600000e+00  9.03398430e-01  2.21600000e+00  9.02209443e-01  2.21600000e+00  1.09533896e+00 
 2.22600000e+00  9.04943259e-01  2.22600000e+00  9.03432543e-01  2.22600000e+00  9.02242236e-01  2.22600000e+00  1.09851164e+00 
 2.23600000e+00  9.04980668e-01  2.23600000e+00  9.03459326e-01  2.23600000e+00  9.02268206e-01  2.23600000e+00  1.10053977e+00 
 2.24600000e+00  9.04998421e-01  2.24600000e+00  9.03478764e-01  2.24600000e+00  9.02287331e-01  2.24600000e+00  1.10141147e+00 
 2.25600000e+00  9.04996447e-01  2.25600000e+00  9.03490741e-01  2.25600000e+00  9.02299512e-01  2.25600000e+00  1.10111755e+00 
 2.26600000e+00  9.04974755e-01  2.26600000e+00  9.03495406e-01  2.26600000e+00  9.02304873e-01  2.26600000e+00  1.09967984e+00 
 2.27600000e+00  9.04933430e-01  2.27600000e+00  9.03492871e-01  2.27600000e+00  9.02303535e-01  2.27600000e+00  1.09711175e+00 
 2.28600000e+00  9.04872634e-01  2.28600000e+00  9.03483049e-01  2.28600000e+00  9.02295401e-01  2.28600000e+00  1.09340744e+00 
 2.29600000e+00  9.04792609e-01  2.29600000e+00  9.03466024e-01  2.29600000e+00  9.02280551e-01  2.29600000e+00  1.08859334e+00 
 2.30600000e+00  9.04693669e-01  2.30600000e+00  9.03442123e-01  2.30600000e+00  9.02259289e-01  2.30600000e+00  1.08270040e+00 
 2.31600000e+00  9.04576206e-01  2.31600000e+00  9.03411342e-01  2.31600000e+00  9.02231627e-01  2.31600000e+00  1.07572754e+00 
 2.32600000e+00  9.04440682e-01  2.32600000e+00  9.03373627e-01  2.32600000e+00  9.02197484e-01  2.32600000e+00  1.06769082e+00 
 2.33600000e+00  9.04287633e-01  2.33600000e+00  9.03329352e-01  2.33600000e+00  9.02157217e-01  2.33600000e+00  1.05865919e+00 
 2.34600000e+00  9.04117663e-01  2.34600000e+00  9.03278897e-01  2.34600000e+00  9.02111185e-01  2.34600000e+00  1.04865799e+00 
 2.35600000e+00  9.03931442e-01  2.35600000e+00  9.03222328e-01  2.35600000e+00  9.02059456e-01  2.35600000e+00  1.03770634e+00 
 2.36600000e+00  9.03729706e-01  2.36600000e+00  9.03159920e-01  2.36600000e+00  9.02002273e-01  2.36600000e+00  1.02585181e+00 
 2.37600000e+00  9.03513250e-01  2.37600000e+00  9.03092169e-01  2.37600000e+00  9.01940102e-01  2.37600000e+00  1.01317241e+00 
 2.38600000e+00  9.03282929e-01  2.38600000e+00  9.03019400e-01  2.38600000e+00  9.01873244e-01  2.38600000e+00  9.99720266e-01 
 2.39600000e+00  9.03039651e-01  2.39600000e+00  9.02941728e-01  2.39600000e+00  9.01801817e-01  2.39600000e+00  9.85506947e-01 
 2.40600000e+00  9.02784378e-01  2.40600000e+00  9.02859551e-01  2.40600000e+00  9.01726181e-01  2.40600000e+00  9.70588217e-01 
 2.41600000e+00  9.02518116e-01  2.41600000e+00  9.02773268e-01  2.41600000e+00  9.01646713e-01  2.41600000e+00  9.55039137e-01 
 2.42600000e+00  9.02241916e-01  2.42600000e+00  9.02683339e-01  2.42600000e+00  9.01563831e-01  2.42600000e+00  9.38933144e-01 
 2.43600000e+00  9.01956868e-01  2.43600000e+00  9.02590295e-01  2.43600000e+00  9.01478047e-01  2.43600000e+00  9.22339015e-01 
 2.44600000e+00  9.01664098e-01  2.44600000e+00  9.02494424e-01  2.44600000e+00  9.01389610e-01  2.44600000e+00  9.05324665e-01 
 2.45600000e+00  9.01364760e-01  2.45600000e+00  9.02396007e-01  2.45600000e+00  9.01298791e-01  2.45600000e+00  8.87943357e-01 
 2.46600000e+00  9.01060036e-01  2.46600000e+00  9.02295621e-01  2.46600000e+00  9.01206125e-01  2.46600000e+00  8.70258121e-01 
 2.47600000e+00  9.00751128e-01  2.47600000e+00  9.02193890e-01  2.47600000e+00  9.01112207e-01  2.47600000e+00  8.52362148e-01 
 2.48600000e+00  9.00439256e-01  2.48600000e+00  9.02091011e-01  2.48600000e+00  9.01017210e-01  2.48600000e+00  8.34302059e-01 
 2.49600000e+00  9.00125650e-01  2.49600000e+00  9.01987515e-01  2.49600000e+00  9.00921628e-01  2.49600000e+00  8.16165234e-01 
 2.50600000e+00  8.99811549e-01  2.50600000e+00  9.01883843e-01  2.50600000e+00  9.00825872e-01  2.50600000e+00  7.98020556e-01 
 2.51600000e+00  8.99498191e-01  2.51600000e+00  9.01780394e-01  2.51600000e+00  9.00730319e-01  2.51600000e+00  7.79924849e-01 
 2.52600000e+00  8.99186814e-01  2.52600000e+00  9.01677747e-01  2.52600000e+00  9.00635496e-01  2.52600000e+00  7.61983506e-01 
 2.53600000e+00  8.98878646e-01  2.53600000e+00  9.01576287e-01  2.53600000e+00  9.00541775e-01  2.53600000e+00  7.44254634e-01 
 2.54600000e+00  8.98574904e-01  2.54600000e+00  9.01476586e-01  2.54600000e+00  9.00449684e-01  2.54600000e+00  7.26808181e-01 
 2.55600000e+00  8.98276785e-01  2.55600000e+00  9.01379186e-01  2.55600000e+00  9.00359733e-01  2.55600000e+00  7.09739100e-01 
 2.56600000e+00  8.97985468e-01  2.56600000e+00  9.01284370e-01  2.56600000e+00  9.00272174e-01  2.56600000e+00  6.93109230e-01 
 2.57600000e+00  8.97702101e-01  2.57600000e+00  9.01192435e-01  2.57600000e+00  9.00187295e-01  2.57600000e+00  6.76958419e-01 
 2.58600000e+00  8.97427802e-01  2.58600000e+00  9.01103874e-01  2.58600000e+00  9.00105546e-01  2.58600000e+00  6.61352588e-01 
 2.59600000e+00  8.97163655e-01  2.59600000e+00  9.01019156e-01  2.59600000e+00  9.00027372e-01  2.59600000e+00  6.46371849e-01 
 2.60600000e+00  8.96910702e-01  2.60600000e+00  9.00938588e-01  2.60600000e+00  8.99953053e-01  2.60600000e+00  6.32062703e-01 
 2.61600000e+00  8.96669941e-01  2.61600000e+00  9.00862774e-01  2.61600000e+00  8.99883162e-01  2.61600000e+00  6.18499502e-01 
 2.62600000e+00  8.96442322e-01  2.62600000e+00  9.00792098e-01  2.62600000e+00  8.99818051e-01  2.62600000e+00  6.05750311e-01 
 2.63600000e+00  8.96228743e-01  2.63600000e+00  9.00726653e-01  2.63600000e+00  8.99757800e-01  2.63600000e+00  5.93854895e-01 
 2.64600000e+00  8.96030048e-01  2.64600000e+00  9.00666752e-01  2.64600000e+00  8.99702704e-01  2.64600000e+00  5.82842047e-01 
 2.65600000e+00  8.95847021e-01  2.65600000e+00  9.00612713e-01  2.65600000e+00  8.99653067e-01  2.65600000e+00  5.72750244e-01 
 2.66600000e+00  8.95680383e-01  2.66600000e+00  9.00564730e-01  2.66600000e+00  8.99609053e-01  2.66600000e+00  5.63631068e-01 
 2.67600000e+00  8.95530793e-01  2.67600000e+00  9.00523128e-01  2.67600000e+00  8.99570979e-01  2.67600000e+00  5.55520815e-01 
 2.68600000e+00  8.95398841e-01  2.68600000e+00  9.00488097e-01  2.68600000e+00  8.99539009e-01  2.68600000e+00  5.48454132e-01 
 2.69600000e+00  8.95285047e-01  2.69600000e+00  9.00459756e-01  2.69600000e+00  8.99513261e-01  2.69600000e+00  5.42457339e-01 
 2.70600000e+00  8.95189862e-01  2.70600000e+00  9.00438390e-01  2.70600000e+00  8.99494001e-01  2.70600000e+00  5.37549596e-01 
 2.71600000e+00  8.95113659e-01  2.71600000e+00  9.00424174e-01  2.71600000e+00  8.99481397e-01  2.71600000e+00  5.33761192e-01 
 2.72600000e+00  8.95056741e-01  2.72600000e+00  9.00417238e-01  2.72600000e+00  8.99475566e-01  2.72600000e+00  5.31110028e-01 
 2.73600000e+00  8.95019332e-01  2.73600000e+00  9.00417590e-01  2.73600000e+00  8.99476525e-01  2.73600000e+00  5.29591913e-01 
 2.74600000e+00  8.95001579e-01  2.74600000e+00  9.00425253e-01  2.74600000e+00  8.99484282e-01  2.74600000e+00  5.29215856e-01 
 2.75600000e+00  8.95003553e-01  2.75600000e+00  9.00440222e-01  2.75600000e+00  8.99498839e-01  2.75600000e+00  5.29993288e-01 
 2.76600000e+00  8.95025245e-01  2.76600000e+00  9.00462612e-01  2.76600000e+00  8.99520296e-01  2.76600000e+00  5.31932985e-01 
 2.77600000e+00  8.95066570e-01  2.77600000e+00  9.00492331e-01  2.77600000e+00  8.99548590e-01  2.77600000e+00  5.35001784e-01 
 2.78600000e+00  8.95127366e-01  2.78600000e+00  9.00529152e-01  2.78600000e+00  8.99583488e-01  2.78600000e+00  5.39182393e-01 
 2.79600000e+00  8.95207391e-01  2.79600000e+00  9.00573229e-01  2.79600000e+00  8.99625151e-01  2.79600000e+00  5.44484729e-01 
 2.80600000e+00  8.95306331e-01  2.80600000e+00  9.00624493e-01  2.80600000e+00  8.99673511e-01  2.80600000e+00  5.50889573e-01 
 2.81600000e+00  8.95423794e-01  2.81600000e+00  9.00682668e-01  2.81600000e+00  8.99728306e-01  2.81600000e+00  5.58384609e-01 
 2.82600000e+00  8.95559318e-01  2.82600000e+00  9.00747567e-01  2.82600000e+00  8.99789362e-01  2.82600000e+00  5.66930311e-01 
 2.83600000e+00  8.95712367e-01  2.83600000e+00  9.00818798e-01  2.83600000e+00  8.99856314e-01  2.83600000e+00  5.76483578e-01 
 2.84600000e+00  8.95882337e-01  2.84600000e+00  9.00896256e-01  2.84600000e+00  8.99929062e-01  2.84600000e+00  5.87014591e-01 
 2.85600000e+00  8.96068558e-01  2.85600000e+00  9.00979910e-01  2.85600000e+00  9.00007597e-01  2.85600000e+00  5.98496714e-01 
 2.86600000e+00  8.96270294e-01  2.86600000e+00  9.01069361e-01  2.86600000e+00  9.00091533e-01  2.86600000e+00  6.10884465e-01 
 2.87600000e+00  8.96486750e-01  2.87600000e+00  9.01164263e-01  2.87600000e+00  9.00180561e-01  2.87600000e+00  6.24116624e-01 
 2.88600000e+00  8.96717071e-01  2.88600000e+00  9.01264295e-01  2.88600000e+00  9.00274369e-01  2.88600000e+00  6.38151616e-01 
 2.89600000e+00  8.96960349e-01  2.89600000e+00  9.01369189e-01  2.89600000e+00  9.00372715e-01  2.89600000e+00  6.52952011e-01 
 2.90600000e+00  8.97215622e-01  2.90600000e+00  9.01478548e-01  2.90600000e+00  9.00475233e-01  2.90600000e+00  6.68440826e-01 
 2.91600000e+00  8.97481884e-01  2.91600000e+00  9.01591977e-01  2.91600000e+00  9.00581560e-01  2.91600000e+00  6.84550564e-01 
 2.92600000e+00  8.97758084e-01  2.92600000e+00  9.01709040e-01  2.92600000e+00  9.00691273e-01  2.92600000e+00  7.01237813e-01 
 2.93600000e+00  8.98043132e-01  2.93600000e+00  9.01829328e-01  2.93600000e+00  9.00803995e-01  2.93600000e+00  7.18448802e-01 
 2.94600000e+00  8.98335902e-01  2.94600000e+00  9.01952432e-01  2.94600000e+00  9.00919357e-01  2.94600000e+00  7.36086102e-01 
 2.95600000e+00  8.98635240e-01  2.95600000e+00  9.02077874e-01  2.95600000e+00  9.01036914e-01  2.95600000e+00  7.54073050e-01 
 2.96600000e+00  8.98939964e-01  2.96600000e+00  9.02205139e-01  2.96600000e+00  9.01156170e-01  2.96600000e+00  7.72361218e-01 
 2.97600000e+00  8.99248872e-01  2.97600000e+00  9.02333920e-01  2.97600000e+00  9.01276850e-01  2.97600000e+00  7.90881229e-01 
 2.98600000e+00  8.99560744e-01  2.98600000e+00  9.02463805e-01  2.98600000e+00  9.01398574e-01  2.98600000e+00  8.09557438e-01 
 2.99600000e+00  8.99874350e-01  2.99600000e+00  9.02594206e-01  2.99600000e+00  9.01520793e-01  2.99600000e+00  8.28308056e-01 
 3.00600000e+00  9.00188451e-01  3.00600000e+00  9.02724713e-01  3.00600000e+00  9.01643126e-01  3.00600000e+00  8.47052048e-01 
 3.01600000e+00  9.00501809e-01  3.01600000e+00  9.02855039e-01  3.01600000e+00  9.01765308e-01  3.01600000e+00  8.65741541e-01 
 3.02600000e+00  9.00813186e-01  3.02600000e+00  9.02984700e-01  3.02600000e+00  9.01886888e-01  3.02600000e+00  8.84302227e-01 
 3.03600000e+00  9.01121354e-01  3.03600000e+00  9.03113068e-01  3.03600000e+00  9.02007278e-01  3.03600000e+00  9.02641882e-01 
 3.04600000e+00  9.01425096e-01  3.04600000e+00  9.03239817e-01  3.04600000e+00  9.02126174e-01  3.04600000e+00  9.20699580e-01 
 3.05600000e+00  9.01723215e-01  3.05600000e+00  9.03364306e-01  3.05600000e+00  9.02242983e-01  3.05600000e+00  9.38383173e-01 
 3.06600000e+00  9.02014532e-01  3.06600000e+00  9.03486126e-01  3.06600000e+00  9.02357313e-01  3.06600000e+00  9.55626750e-01 
 3.07600000e+00  9.02297899e-01  3.07600000e+00  9.03605038e-01  3.07600000e+00  9.02468958e-01  3.07600000e+00  9.72373203e-01 
 3.08600000e+00  9.02572198e-01  3.08600000e+00  9.03720524e-01  3.08600000e+00  9.02577427e-01  3.08600000e+00  9.88547190e-01 
 3.09600000e+00  9.02836345e-01  3.09600000e+00  9.03832023e-01  3.09600000e+00  9.02682194e-01  3.09600000e+00  1.00407890e+00 
 3.10100000e+00  9.02964284e-01  3.10100000e+00  9.03886231e-01  3.10100000e+00  9.02733146e-01  3.10100000e+00  1.01158761e+00 
 3.10200000e+00  9.02989525e-01  3.10200000e+00  9.03896940e-01  3.10200000e+00  9.02743215e-01  3.10200000e+00  1.01306603e+00 
 3.10400000e+00  9.03039651e-01  3.10400000e+00  9.03918232e-01  3.10400000e+00  9.02763236e-01  3.10400000e+00  1.01600435e+00 
 3.10800000e+00  9.03138457e-01  3.10800000e+00  9.03960249e-01  3.10800000e+00  9.02802742e-01  3.10800000e+00  1.02179238e+00 
 3.11600000e+00  9.03330059e-01  3.11600000e+00  9.04041993e-01  3.11600000e+00  9.02879636e-01  3.11600000e+00  1.03299840e+00 
 3.12600000e+00  9.03557678e-01  3.12600000e+00  9.04139742e-01  3.12600000e+00  9.02971639e-01  3.12600000e+00  1.04627152e+00 
 3.13600000e+00  9.03771257e-01  3.13600000e+00  9.04232160e-01  3.13600000e+00  9.03058698e-01  3.13600000e+00  1.05867609e+00 
 3.14600000e+00  9.03969952e-01  3.14600000e+00  9.04318929e-01  3.14600000e+00  9.03140496e-01  3.14600000e+00  1.07017493e+00 
 3.15600000e+00  9.04152979e-01  3.15600000e+00  9.04399859e-01  3.15600000e+00  9.03216873e-01  3.15600000e+00  1.08073349e+00 
 3.16600000e+00  9.04319617e-01  3.16600000e+00  9.04474761e-01  3.16600000e+00  9.03287645e-01  3.16600000e+00  1.09031140e+00 
 3.17600000e+00  9.04469207e-01  3.17600000e+00  9.04543163e-01  3.17600000e+00  9.03352381e-01  3.17600000e+00  1.09885304e+00 
 3.18600000e+00  9.04601159e-01  3.18600000e+00  9.04604924e-01  3.18600000e+00  9.03410929e-01  3.18600000e+00  1.10633444e+00 
 3.19600000e+00  9.04714953e-01  3.19600000e+00  9.04659937e-01  3.19600000e+00  9.03463209e-01  3.19600000e+00  1.11274378e+00 
 3.20600000e+00  9.04810138e-01  3.20600000e+00  9.04707860e-01  3.20600000e+00  9.03508880e-01  3.20600000e+00  1.11803869e+00 
 3.21600000e+00  9.04886341e-01  3.21600000e+00  9.04748712e-01  3.21600000e+00  9.03547974e-01  3.21600000e+00  1.12221839e+00 
 3.22600000e+00  9.04943259e-01  3.22600000e+00  9.04782455e-01  3.22600000e+00  9.03580452e-01  3.22600000e+00  1.12526483e+00 
 3.23600000e+00  9.04980668e-01  3.23600000e+00  9.04808929e-01  3.23600000e+00  9.03606167e-01  3.23600000e+00  1.12716559e+00 
 3.24600000e+00  9.04998421e-01  3.24600000e+00  9.04828065e-01  3.24600000e+00  9.03625038e-01  3.24600000e+00  1.12792781e+00 
 3.25600000e+00  9.04996447e-01  3.25600000e+00  9.04839837e-01  3.25600000e+00  9.03637046e-01  3.25600000e+00  1.12755544e+00 
 3.26600000e+00  9.04974755e-01  3.26600000e+00  9.04844188e-01  3.26600000e+00  9.03642139e-01  3.26600000e+00  1.12602418e+00 
 3.27600000e+00  9.04933430e-01  3.27600000e+00  9.04841236e-01  3.27600000e+00  9.03640434e-01  3.27600000e+00  1.12333987e+00 
 3.28600000e+00  9.04872634e-01  3.28600000e+00  9.04831086e-01  3.28600000e+00  9.03632018e-01  3.28600000e+00  1.11953426e+00 
 3.29600000e+00  9.04792609e-01  3.29600000e+00  9.04813587e-01  3.29600000e+00  9.03616748e-01  3.29600000e+00  1.11460705e+00 
 3.30600000e+00  9.04693669e-01  3.30600000e+00  9.04789037e-01  3.30600000e+00  9.03594896e-01  3.30600000e+00  1.10858506e+00 
 3.31600000e+00  9.04576206e-01  3.31600000e+00  9.04757690e-01  3.31600000e+00  9.03566713e-01  3.31600000e+00  1.10150705e+00 
 3.32600000e+00  9.04440682e-01  3.32600000e+00  9.04719541e-01  3.32600000e+00  9.03532185e-01  3.32600000e+00  1.09337177e+00 
 3.33600000e+00  9.04287633e-01  3.33600000e+00  9.04674972e-01  3.33600000e+00  9.03491681e-01  3.33600000e+00  1.08421681e+00 
 3.34600000e+00  9.04117663e-01  3.34600000e+00  9.04624028e-01  3.34600000e+00  9.03445226e-01  3.34600000e+00  1.07407814e+00 
 3.35600000e+00  9.03931442e-01  3.35600000e+00  9.04566878e-01  3.35600000e+00  9.03392969e-01  3.35600000e+00  1.06300376e+00 
 3.36600000e+00  9.03729706e-01  3.36600000e+00  9.04504104e-01  3.36600000e+00  9.03335462e-01  3.36600000e+00  1.05105551e+00 
 3.37600000e+00  9.03513250e-01  3.37600000e+00  9.04435946e-01  3.37600000e+00  9.03272939e-01  3.37600000e+00  1.03826690e+00 
 3.38600000e+00  9.03282929e-01  3.38600000e+00  9.04362444e-01  3.38600000e+00  9.03205417e-01  3.38600000e+00  1.02466729e+00 
 3.39600000e+00  9.03039651e-01  3.39600000e+00  9.04284123e-01  3.39600000e+00  9.03133397e-01  3.39600000e+00  1.01032075e+00 
 3.40600000e+00  9.02784378e-01  3.40600000e+00  9.04201543e-01  3.40600000e+00  9.03057397e-01  3.40600000e+00  9.95310331e-01 
 3.41600000e+00  9.02518116e-01  3.41600000e+00  9.04115023e-01  3.41600000e+00  9.02977728e-01  3.41600000e+00  9.79681933e-01 
 3.42600000e+00  9.02241916e-01  3.42600000e+00  9.04024769e-01  3.42600000e+00  9.02894565e-01  3.42600000e+00  9.63479727e-01 
 3.43600000e+00  9.01956868e-01  3.43600000e+00  9.03931083e-01  3.43600000e+00  9.02808189e-01  3.43600000e+00  9.46770695e-01 
 3.44600000e+00  9.01664098e-01  3.44600000e+00  9.03834568e-01  3.44600000e+00  9.02719165e-01  3.44600000e+00  9.29629553e-01 
 3.45600000e+00  9.01364760e-01  3.45600000e+00  9.03735636e-01  3.45600000e+00  9.02627883e-01  3.45600000e+00  9.12119689e-01 
 3.46600000e+00  9.01060036e-01  3.46600000e+00  9.03634860e-01  3.46600000e+00  9.02534878e-01  3.46600000e+00  8.94312290e-01 
 3.47600000e+00  9.00751128e-01  3.47600000e+00  9.03532576e-01  3.47600000e+00  9.02440469e-01  3.47600000e+00  8.76275364e-01 
 3.48600000e+00  9.00439256e-01  3.48600000e+00  9.03428965e-01  3.48600000e+00  9.02344795e-01  3.48600000e+00  8.58073006e-01 
 3.49600000e+00  9.00125650e-01  3.49600000e+00  9.03324842e-01  3.49600000e+00  9.02248635e-01  3.49600000e+00  8.39811346e-01 
 3.50600000e+00  8.99811549e-01  3.50600000e+00  9.03220684e-01  3.50600000e+00  9.02152437e-01  3.50600000e+00  8.21553619e-01 
 3.51600000e+00  8.99498191e-01  3.51600000e+00  9.03116755e-01  3.51600000e+00  9.02056444e-01  3.51600000e+00  8.03351611e-01 
 3.52600000e+00  8.99186814e-01  3.52600000e+00  9.03013587e-01  3.52600000e+00  9.01961148e-01  3.52600000e+00  7.85288528e-01 
 3.53600000e+00  8.98878646e-01  3.53600000e+00  9.02911629e-01  3.53600000e+00  9.01866974e-01  3.53600000e+00  7.67436183e-01 
 3.54600000e+00  8.98574904e-01  3.54600000e+00  9.02811337e-01  3.54600000e+00  9.01774340e-01  3.54600000e+00  7.49864447e-01 
 3.55600000e+00  8.98276785e-01  3.55600000e+00  9.02713171e-01  3.55600000e+00  9.01683682e-01  3.55600000e+00  7.32648292e-01 
 3.56600000e+00  8.97985468e-01  3.56600000e+00  9.02617715e-01  3.56600000e+00  9.01595543e-01  3.56600000e+00  7.15861921e-01 
 3.57600000e+00  8.97702101e-01  3.57600000e+00  9.02525399e-01  3.57600000e+00  9.01510335e-01  3.57600000e+00  6.99566293e-01 
 3.58600000e+00  8.97427802e-01  3.58600000e+00  9.02436464e-01  3.58600000e+00  9.01428261e-01  3.58600000e+00  6.83827147e-01 
 3.59600000e+00  8.97163655e-01  3.59600000e+00  9.02351239e-01  3.59600000e+00  9.01349638e-01  3.59600000e+00  6.68697812e-01 
 3.60600000e+00  8.96910702e-01  3.60600000e+00  9.02270269e-01  3.60600000e+00  9.01274967e-01  3.60600000e+00  6.54247899e-01 
 3.61600000e+00  8.96669941e-01  3.61600000e+00  9.02194045e-01  3.61600000e+00  9.01204714e-01  3.61600000e+00  6.40558951e-01 
 3.62600000e+00  8.96442322e-01  3.62600000e+00  9.02122800e-01  3.62600000e+00  9.01139082e-01  3.62600000e+00  6.27679966e-01 
 3.63600000e+00  8.96228743e-01  3.63600000e+00  9.02056760e-01  3.63600000e+00  9.01078292e-01  3.63600000e+00  6.15642241e-01 
 3.64600000e+00  8.96030048e-01  3.64600000e+00  9.01996302e-01  3.64600000e+00  9.01022690e-01  3.64600000e+00  6.04490764e-01 
 3.65600000e+00  8.95847021e-01  3.65600000e+00  9.01941847e-01  3.65600000e+00  9.00972677e-01  3.65600000e+00  5.94286205e-01 
 3.66600000e+00  8.95680383e-01  3.66600000e+00  9.01893503e-01  3.66600000e+00  9.00928347e-01  3.66600000e+00  5.85052804e-01 
 3.67600000e+00  8.95530793e-01  3.67600000e+00  9.01851495e-01  3.67600000e+00  9.00889909e-01  3.67600000e+00  5.76828334e-01 
 3.68600000e+00  8.95398841e-01  3.68600000e+00  9.01816063e-01  3.68600000e+00  9.00857586e-01  3.68600000e+00  5.69644641e-01 
 3.69600000e+00  8.95285047e-01  3.69600000e+00  9.01787403e-01  3.69600000e+00  9.00831568e-01  3.69600000e+00  5.63524818e-01 
 3.70600000e+00  8.95189862e-01  3.70600000e+00  9.01765743e-01  3.70600000e+00  9.00812066e-01  3.70600000e+00  5.58492896e-01 
 3.71600000e+00  8.95113659e-01  3.71600000e+00  9.01751029e-01  3.71600000e+00  9.00799025e-01  3.71600000e+00  5.54562919e-01 
 3.72600000e+00  8.95056741e-01  3.72600000e+00  9.01743488e-01  3.72600000e+00  9.00792652e-01  3.72600000e+00  5.51764420e-01 
 3.73600000e+00  8.95019332e-01  3.73600000e+00  9.01743275e-01  3.73600000e+00  9.00793106e-01  3.73600000e+00  5.50106433e-01 
 3.74600000e+00  8.95001579e-01  3.74600000e+00  9.01750404e-01  3.74600000e+00  9.00800385e-01  3.74600000e+00  5.49601990e-01 
 3.75600000e+00  8.95003553e-01  3.75600000e+00  9.01764961e-01  3.75600000e+00  9.00814581e-01  3.75600000e+00  5.50262406e-01 
 3.76600000e+00  8.95025245e-01  3.76600000e+00  9.01786995e-01  3.76600000e+00  9.00835739e-01  3.76600000e+00  5.52078235e-01 
 3.77600000e+00  8.95066570e-01  3.77600000e+00  9.01816318e-01  3.77600000e+00  9.00863690e-01  3.77600000e+00  5.55030093e-01 
 3.78600000e+00  8.95127366e-01  3.78600000e+00  9.01852838e-01  3.78600000e+00  9.00898336e-01  3.78600000e+00  5.59106744e-01 
 3.79600000e+00  8.95207391e-01  3.79600000e+00  9.01896645e-01  3.79600000e+00  9.00939778e-01  3.79600000e+00  5.64308223e-01 
 3.80600000e+00  8.95306331e-01  3.80600000e+00  9.01947543e-01  3.80600000e+00  9.00987819e-01  3.80600000e+00  5.70615408e-01 
 3.81600000e+00  8.95423794e-01  3.81600000e+00  9.02005169e-01  3.81600000e+00  9.01042129e-01  3.81600000e+00  5.77986007e-01 
 3.82600000e+00  8.95559318e-01  3.82600000e+00  9.02069256e-01  3.82600000e+00  9.01102448e-01  3.82600000e+00  5.86379823e-01 
 3.83600000e+00  8.95712367e-01  3.83600000e+00  9.02140006e-01  3.83600000e+00  9.01168980e-01  3.83600000e+00  5.95800076e-01 
 3.84600000e+00  8.95882337e-01  3.84600000e+00  9.02217172e-01  3.84600000e+00  9.01241502e-01  3.84600000e+00  6.06204967e-01 
 3.85600000e+00  8.96068558e-01  3.85600000e+00  9.02300445e-01  3.85600000e+00  9.01319715e-01  3.85600000e+00  6.17561335e-01 
 3.86600000e+00  8.96270294e-01  3.86600000e+00  9.02389635e-01  3.86600000e+00  9.01403449e-01  3.86600000e+00  6.29835947e-01 
 3.87600000e+00  8.96486750e-01  3.87600000e+00  9.02484244e-01  3.87600000e+00  9.01492235e-01  3.87600000e+00  6.42965459e-01 
 3.88600000e+00  8.96717071e-01  3.88600000e+00  9.02583931e-01  3.88600000e+00  9.01585756e-01  3.88600000e+00  6.56893717e-01 
 3.89600000e+00  8.96960349e-01  3.89600000e+00  9.02688439e-01  3.89600000e+00  9.01683775e-01  3.89600000e+00  6.71574508e-01 
 3.90600000e+00  8.97215622e-01  3.90600000e+00  9.02797381e-01  3.90600000e+00  9.01785930e-01  3.90600000e+00  6.86957318e-01 
 3.91600000e+00  8.97481884e-01  3.91600000e+00  9.02910285e-01  3.91600000e+00  9.01891784e-01  3.91600000e+00  7.02962221e-01 
 3.92600000e+00  8.97758084e-01  3.92600000e+00  9.03026827e-01  3.92600000e+00  9.02001036e-01  3.92600000e+00  7.19532330e-01 
 3.93600000e+00  8.98043132e-01  3.93600000e+00  9.03146643e-01  3.93600000e+00  9.02113350e-01  3.93600000e+00  7.36612572e-01 
 3.94600000e+00  8.98335902e-01  3.94600000e+00  9.03269308e-01  3.94600000e+00  9.02228323e-01  3.94600000e+00  7.54143144e-01 
 3.95600000e+00  8.98635240e-01  3.95600000e+00  9.03394499e-01  3.95600000e+00  9.02345673e-01  3.95600000e+00  7.72047255e-01 
 3.96600000e+00  8.98939964e-01  3.96600000e+00  9.03521623e-01  3.96600000e+00  9.02464838e-01  3.96600000e+00  7.90234183e-01 
 3.97600000e+00  8.99248872e-01  3.97600000e+00  9.03650115e-01  3.97600000e+00  9.02585281e-01  3.97600000e+00  8.08646651e-01 
 3.98600000e+00  8.99560744e-01  3.98600000e+00  9.03779647e-01  3.98600000e+00  9.02706702e-01  3.98600000e+00  8.27218987e-01 
 3.99600000e+00  8.99874350e-01  3.99600000e+00  9.03909699e-01  3.99600000e+00  9.02828622e-01  3.99600000e+00  8.45864240e-01 
 4.00600000e+00  9.00188451e-01  4.00600000e+00  9.04039938e-01  4.00600000e+00  9.02950722e-01  4.00600000e+00  8.64529040e-01 
 4.01600000e+00  9.00501809e-01  4.01600000e+00  9.04169975e-01  4.01600000e+00  9.03072657e-01  4.01600000e+00  8.83134637e-01 
 4.02600000e+00  9.00813186e-01  4.02600000e+00  9.04299107e-01  4.02600000e+00  9.03193767e-01  4.02600000e+00  9.01569415e-01 
 4.03600000e+00  9.01121354e-01  4.03600000e+00  9.04426957e-01  4.03600000e+00  9.03313693e-01  4.03600000e+00  9.19784697e-01 
 4.04600000e+00  9.01425096e-01  4.04600000e+00  9.04553101e-01  4.04600000e+00  9.03432043e-01  4.04600000e+00  9.37716148e-01 
 4.05600000e+00  9.01723215e-01  4.05600000e+00  9.04677145e-01  4.05600000e+00  9.03548452e-01  4.05600000e+00  9.55287201e-01 
 4.06600000e+00  9.02014532e-01  4.06600000e+00  9.04798671e-01  4.06600000e+00  9.03662532e-01  4.06600000e+00  9.72434096e-01 
 4.07600000e+00  9.02297899e-01  4.07600000e+00  9.04917061e-01  4.07600000e+00  9.03773700e-01  4.07600000e+00  9.89073689e-01 
 4.08600000e+00  9.02572198e-01  4.08600000e+00  9.05032072e-01  4.08600000e+00  9.03881739e-01  4.08600000e+00  1.00514464e+00 
 4.09600000e+00  9.02836345e-01  4.09600000e+00  9.05143220e-01  4.09600000e+00  9.03986193e-01  4.09600000e+00  1.02058273e+00 
 4.10100000e+00  9.02964284e-01  4.10100000e+00  9.05197257e-01  4.10100000e+00  9.04036994e-01  4.10100000e+00  1.02804765e+00 
 4.10200000e+00  9.02989525e-01  4.10200000e+00  9.05207911e-01  4.10200000e+00  9.04047011e-01  4.10200000e+00  1.02951617e+00 
 4.10400000e+00  9.03039651e-01  4.10400000e+00  9.05229117e-01  4.10400000e+00  9.04066955e-01  4.10400000e+00  1.03243452e+00 
 4.10800000e+00  9.03138457e-01  4.10800000e+00  9.05271036e-01  4.10800000e+00  9.04106378e-01  4.10800000e+00  1.03818701e+00 
 4.11600000e+00  9.03330059e-01  4.11600000e+00  9.05352576e-01  4.11600000e+00  9.04183097e-01  4.11600000e+00  1.04932494e+00 
 4.12600000e+00  9.03557678e-01  4.12600000e+00  9.05449976e-01  4.12600000e+00  9.04274783e-01  4.12600000e+00  1.06251692e+00 
 4.13600000e+00  9.03771257e-01  4.13600000e+00  9.05542102e-01  4.13600000e+00  9.04361582e-01  4.13600000e+00  1.07484485e+00 
 4.14600000e+00  9.03969952e-01  4.14600000e+00  9.05628622e-01  4.14600000e+00  9.04443166e-01  4.14600000e+00  1.08625887e+00 
 4.15600000e+00  9.04152979e-01  4.15600000e+00  9.05709218e-01  4.15600000e+00  9.04519243e-01  4.15600000e+00  1.09673418e+00 
 4.16600000e+00  9.04319617e-01  4.16600000e+00  9.05783630e-01  4.16600000e+00  9.04589565e-01  4.16600000e+00  1.10622125e+00 
 4.17600000e+00  9.04469207e-01  4.17600000e+00  9.05851714e-01  4.17600000e+00  9.04654011e-01  4.17600000e+00  1.11468560e+00 
 4.18600000e+00  9.04601159e-01  4.18600000e+00  9.05913166e-01  4.18600000e+00  9.04712287e-01  4.18600000e+00  1.12208922e+00 
 4.19600000e+00  9.04714953e-01  4.19600000e+00  9.05967837e-01  4.19600000e+00  9.04764257e-01  4.19600000e+00  1.12841553e+00 
 4.20600000e+00  9.04810138e-01  4.20600000e+00  9.06015682e-01  4.20600000e+00  9.04809871e-01  4.20600000e+00  1.13365765e+00 
 4.21600000e+00  9.04886341e-01  4.21600000e+00  9.06056397e-01  4.21600000e+00  9.04848855e-01  4.21600000e+00  1.13777779e+00 
 4.22600000e+00  9.04943259e-01  4.22600000e+00  9.06089971e-01  4.22600000e+00  9.04881184e-01  4.22600000e+00  1.14076916e+00 
 4.23600000e+00  9.04980668e-01  4.23600000e+00  9.06116142e-01  4.23600000e+00  9.04906624e-01  4.23600000e+00  1.14261447e+00 
 4.24600000e+00  9.04998421e-01  4.24600000e+00  9.06134800e-01  4.24600000e+00  9.04925050e-01  4.24600000e+00  1.14329873e+00 
 4.25600000e+00  9.04996447e-01  4.25600000e+00  9.06146083e-01  4.25600000e+00  9.04936609e-01  4.25600000e+00  1.14283878e+00 
 4.26600000e+00  9.04974755e-01  4.26600000e+00  9.06150014e-01  4.26600000e+00  9.04941315e-01  4.26600000e+00  1.14122669e+00 
 4.27600000e+00  9.04933430e-01  4.27600000e+00  9.06146678e-01  4.27600000e+00  9.04939257e-01  4.27600000e+00  1.13847650e+00 
 4.28600000e+00  9.04872634e-01  4.28600000e+00  9.06136037e-01  4.28600000e+00  9.04930383e-01  4.28600000e+00  1.13459720e+00 
 4.29600000e+00  9.04792609e-01  4.29600000e+00  9.06118204e-01  4.29600000e+00  9.04914804e-01  4.29600000e+00  1.12960964e+00 
 4.30600000e+00  9.04693669e-01  4.30600000e+00  9.06093384e-01  4.30600000e+00  9.04892711e-01  4.30600000e+00  1.12353217e+00 
 4.31600000e+00  9.04576206e-01  4.31600000e+00  9.06061829e-01  4.31600000e+00  9.04864344e-01  4.31600000e+00  1.11639991e+00 
 4.32600000e+00  9.04440682e-01  4.32600000e+00  9.06023525e-01  4.32600000e+00  9.04829676e-01  4.32600000e+00  1.10823054e+00 
 4.33600000e+00  9.04287633e-01  4.33600000e+00  9.05978541e-01  4.33600000e+00  9.04788774e-01  4.33600000e+00  1.09904269e+00 
 4.34600000e+00  9.04117663e-01  4.34600000e+00  9.05927278e-01  4.34600000e+00  9.04742015e-01  4.34600000e+00  1.08887173e+00 
 4.35600000e+00  9.03931442e-01  4.35600000e+00  9.05870027e-01  4.35600000e+00  9.04689676e-01  4.35600000e+00  1.07776052e+00 
 4.36600000e+00  9.03729706e-01  4.36600000e+00  9.05806966e-01  4.36600000e+00  9.04631910e-01  4.36600000e+00  1.06575572e+00 
 4.37600000e+00  9.03513250e-01  4.37600000e+00  9.05738410e-01  4.37600000e+00  9.04569018e-01  4.37600000e+00  1.05290237e+00 
 4.38600000e+00  9.03282929e-01  4.38600000e+00  9.05664650e-01  4.38600000e+00  9.04501258e-01  4.38600000e+00  1.03925603e+00 
 4.39600000e+00  9.03039651e-01  4.39600000e+00  9.05586119e-01  4.39600000e+00  9.04429042e-01  4.39600000e+00  1.02487882e+00 
 4.40600000e+00  9.02784378e-01  4.40600000e+00  9.05503216e-01  4.40600000e+00  9.04352747e-01  4.40600000e+00  1.00981489e+00 
 4.41600000e+00  9.02518116e-01  4.41600000e+00  9.05416184e-01  4.41600000e+00  9.04272599e-01  4.41600000e+00  9.94110954e-01 
 4.42600000e+00  9.02241916e-01  4.42600000e+00  9.05325509e-01  4.42600000e+00  9.04189037e-01  4.42600000e+00  9.77852060e-01 
 4.43600000e+00  9.01956868e-01  4.43600000e+00  9.05231605e-01  4.43600000e+00  9.04102464e-01  4.43600000e+00  9.61097597e-01 
 4.44600000e+00  9.01664098e-01  4.44600000e+00  9.05134850e-01  4.44600000e+00  9.04013215e-01  4.44600000e+00  9.43914328e-01 
 4.45600000e+00  9.01364760e-01  4.45600000e+00  9.05035642e-01  4.45600000e+00  9.03921673e-01  4.45600000e+00  9.26370342e-01 
 4.46600000e+00  9.01060036e-01  4.46600000e+00  9.04934483e-01  4.46600000e+00  9.03828303e-01  4.46600000e+00  9.08520982e-01 
 4.47600000e+00  9.00751128e-01  4.47600000e+00  9.04831787e-01  4.47600000e+00  9.03733499e-01  4.47600000e+00  8.90437811e-01 
 4.48600000e+00  9.00439256e-01  4.48600000e+00  9.04728030e-01  4.48600000e+00  9.03637691e-01  4.48600000e+00  8.72200083e-01 
 4.49600000e+00  9.00125650e-01  4.49600000e+00  9.04623596e-01  4.49600000e+00  9.03541250e-01  4.49600000e+00  8.53874936e-01 
 4.50600000e+00  8.99811549e-01  4.50600000e+00  9.04519063e-01  4.50600000e+00  9.03444699e-01  4.50600000e+00  8.35548570e-01 
 4.51600000e+00  8.99498191e-01  4.51600000e+00  9.04414867e-01  4.51600000e+00  9.03348462e-01  4.51600000e+00  8.17293618e-01 
 4.52600000e+00  8.99186814e-01  4.52600000e+00  9.04311327e-01  4.52600000e+00  9.03252816e-01  4.52600000e+00  7.99167468e-01 
 4.53600000e+00  8.98878646e-01  4.53600000e+00  9.04209131e-01  4.53600000e+00  9.03158422e-01  4.53600000e+00  7.81265038e-01 
 4.54600000e+00  8.98574904e-01  4.54600000e+00  9.04108590e-01  4.54600000e+00  9.03065559e-01  4.54600000e+00  7.63639640e-01 
 4.55600000e+00  8.98276785e-01  4.55600000e+00  9.04010273e-01  4.55600000e+00  9.02974764e-01  4.55600000e+00  7.46374047e-01 
 4.56600000e+00  8.97985468e-01  4.56600000e+00  9.03914593e-01  4.56600000e+00  9.02886416e-01  4.56600000e+00  7.29543872e-01 
 4.57600000e+00  8.97702101e-01  4.57600000e+00  9.03821848e-01  4.57600000e+00  9.02800797e-01  4.57600000e+00  7.13196607e-01 
 4.58600000e+00  8.97427802e-01  4.58600000e+00  9.03732666e-01  4.58600000e+00  9.02718488e-01  4.58600000e+00  6.97414952e-01 
 4.59600000e+00  8.97163655e-01  4.59600000e+00  9.03647452e-01  4.59600000e+00  9.02639883e-01  4.59600000e+00  6.82257064e-01 
 4.60600000e+00  8.96910702e-01  4.60600000e+00  9.03566343e-01  4.60600000e+00  9.02565087e-01  4.60600000e+00  6.67764523e-01 
 4.61600000e+00  8.96669941e-01  4.61600000e+00  9.03489703e-01  4.61600000e+00  9.02494445e-01  4.61600000e+00  6.54005916e-01 
 4.62600000e+00  8.96442322e-01  4.62600000e+00  9.03417910e-01  4.62600000e+00  9.02428302e-01  4.62600000e+00  6.41033414e-01 
 4.63600000e+00  8.96228743e-01  4.63600000e+00  9.03351404e-01  4.63600000e+00  9.02367079e-01  4.63600000e+00  6.28905147e-01 
 4.64600000e+00  8.96030048e-01  4.64600000e+00  9.03290620e-01  4.64600000e+00  9.02311177e-01  4.64600000e+00  6.17681693e-01 
 4.65600000e+00  8.95847021e-01  4.65600000e+00  9.03235646e-01  4.65600000e+00  9.02260681e-01  4.65600000e+00  6.07392488e-01 
 4.66600000e+00  8.95680383e-01  4.66600000e+00  9.03186876e-01  4.66600000e+00  9.02215953e-01  4.66600000e+00  5.98080288e-01 
 4.67600000e+00  8.95530793e-01  4.67600000e+00  9.03144587e-01  4.67600000e+00  9.02177264e-01  4.67600000e+00  5.89781574e-01 
 4.68600000e+00  8.95398841e-01  4.68600000e+00  9.03108862e-01  4.68600000e+00  9.02144677e-01  4.68600000e+00  5.82523568e-01 
 4.69600000e+00  8.95285047e-01  4.69600000e+00  9.03079997e-01  4.69600000e+00  9.02118473e-01  4.69600000e+00  5.76350160e-01 
 4.70600000e+00  8.95189862e-01  4.70600000e+00  9.03058076e-01  4.70600000e+00  9.02098721e-01  4.70600000e+00  5.71283651e-01 
 4.71600000e+00  8.95113659e-01  4.71600000e+00  9.03043023e-01  4.71600000e+00  9.02085365e-01  4.71600000e+00  5.67301721e-01 
 4.72600000e+00  8.95056741e-01  4.72600000e+00  9.03035070e-01  4.72600000e+00  9.02078612e-01  4.72600000e+00  5.64427717e-01 
 4.73600000e+00  8.95019332e-01  4.73600000e+00  9.03034604e-01  4.73600000e+00  9.02078833e-01  4.73600000e+00  5.62717808e-01 
 4.74600000e+00  8.95001579e-01  4.74600000e+00  9.03041567e-01  4.74600000e+00  9.02085968e-01  4.74600000e+00  5.62165612e-01 
 4.75600000e+00  8.95003553e-01  4.75600000e+00  9.03055852e-01  4.75600000e+00  9.02099928e-01  4.75600000e+00  5.62751460e-01 
 4.76600000e+00  8.95025245e-01  4.76600000e+00  9.03077506e-01  4.76600000e+00  9.02120742e-01  4.76600000e+00  5.64486218e-01 
 4.77600000e+00  8.95066570e-01  4.77600000e+00  9.03106473e-01  4.77600000e+00  9.02148364e-01  4.77600000e+00  5.67375509e-01 
 4.78600000e+00  8.95127366e-01  4.78600000e+00  9.03142645e-01  4.78600000e+00  9.02182691e-01  4.78600000e+00  5.71394138e-01 
 4.79600000e+00  8.95207391e-01  4.79600000e+00  9.03185868e-01  4.79600000e+00  9.02223589e-01  4.79600000e+00  5.76512506e-01 
 4.80600000e+00  8.95306331e-01  4.80600000e+00  9.03236163e-01  4.80600000e+00  9.02271071e-01  4.80600000e+00  5.82727649e-01 
 4.81600000e+00  8.95423794e-01  4.81600000e+00  9.03293433e-01  4.81600000e+00  9.02325055e-01  4.81600000e+00  5.90031507e-01 
 4.82600000e+00  8.95559318e-01  4.82600000e+00  9.03357381e-01  4.82600000e+00  9.02385261e-01  4.82600000e+00  5.98373789e-01 
 4.83600000e+00  8.95712367e-01  4.83600000e+00  9.03427809e-01  4.83600000e+00  9.02451502e-01  4.83600000e+00  6.07737479e-01 
 4.84600000e+00  8.95882337e-01  4.84600000e+00  9.03504473e-01  4.84600000e+00  9.02523549e-01  4.84600000e+00  6.18086052e-01 
 4.85600000e+00  8.96068558e-01  4.85600000e+00  9.03587288e-01  4.85600000e+00  9.02601337e-01  4.85600000e+00  6.29382434e-01 
 4.86600000e+00  8.96270294e-01  4.86600000e+00  9.03675920e-01  4.86600000e+00  9.02684550e-01  4.86600000e+00  6.41584136e-01 
 4.87600000e+00  8.96486750e-01  4.87600000e+00  9.03770012e-01  4.87600000e+00  9.02772854e-01  4.87600000e+00  6.54641610e-01 
 4.88600000e+00  8.96717071e-01  4.88600000e+00  9.03869235e-01  4.88600000e+00  9.02865940e-01  4.88600000e+00  6.68511549e-01 
 4.89600000e+00  8.96960349e-01  4.89600000e+00  9.03973216e-01  4.89600000e+00  9.02963463e-01  4.89600000e+00  6.83133958e-01 
 4.90600000e+00  8.97215622e-01  4.90600000e+00  9.04081782e-01  4.90600000e+00  9.03065274e-01  4.90600000e+00  6.98453279e-01 
 4.91600000e+00  8.97481884e-01  4.91600000e+00  9.04194387e-01  4.91600000e+00  9.03170864e-01  4.91600000e+00  7.14391711e-01 
 4.92600000e+00  8.97758084e-01  4.92600000e+00  9.04310629e-01  4.92600000e+00  9.03279848e-01  4.92600000e+00  7.30897438e-01 
 4.93600000e+00  8.98043132e-01  4.93600000e+00  9.04430152e-01  4.93600000e+00  9.03391893e-01  4.93600000e+00  7.47929599e-01 
 4.94600000e+00  8.98335902e-01  4.94600000e+00  9.04552382e-01  4.94600000e+00  9.03506461e-01  4.94600000e+00  7.65404406e-01 
 4.95600000e+00  8.98635240e-01  4.95600000e+00  9.04676959e-01  4.95600000e+00  9.03623234e-01  4.95600000e+00  7.83232037e-01 
 4.96600000e+00  8.98939964e-01  4.96600000e+00  9.04803649e-01  4.96600000e+00  9.03741989e-01  4.96600000e+00  8.01365239e-01 
 4.97600000e+00  8.99248872e-01  4.97600000e+00  9.04931902e-01  4.97600000e+00  9.03862219e-01  4.97600000e+00  8.19734282e-01 
 4.98600000e+00  8.99560744e-01  4.98600000e+00  9.05061139e-01  4.98600000e+00  9.03983368e-01  4.98600000e+00  8.38256240e-01 
 4.99600000e+00  8.99874350e-01  4.99600000e+00  9.05190908e-01  4.99600000e+00  9.04105028e-01  4.99600000e+00  8.56855852e-01 
 5.00600000e+00  9.00188451e-01  5.00600000e+00  9.05320818e-01  5.00600000e+00  9.04226829e-01  5.00600000e+00  8.75457621e-01 
 5.01600000e+00  9.00501809e-01  5.01600000e+00  9.05450402e-01  5.01600000e+00  9.04348344e-01  5.01600000e+00  8.93991860e-01 
 5.02600000e+00  9.00813186e-01  5.02600000e+00  9.05579262e-01  5.02600000e+00  9.04469196e-01  5.02600000e+00  9.12390304e-01 
 5.03600000e+00  9.01121354e-01  5.03600000e+00  9.05706850e-01  5.03600000e+00  9.04588879e-01  5.03600000e+00  9.30572246e-01 
 5.04600000e+00  9.01425096e-01  5.04600000e+00  9.05832632e-01  5.04600000e+00  9.04706888e-01  5.04600000e+00  9.48452751e-01 
 5.05600000e+00  9.01723215e-01  5.05600000e+00  9.05956415e-01  5.05600000e+00  9.04823061e-01  5.05600000e+00  9.65973023e-01 
 5.06600000e+00  9.02014532e-01  5.06600000e+00  9.06077550e-01  5.06600000e+00  9.04936783e-01  5.06600000e+00  9.83045425e-01 
 5.07600000e+00  9.02297899e-01  5.07600000e+00  9.06195689e-01  5.07600000e+00  9.05047728e-01  5.07600000e+00  9.99619426e-01 
 5.08600000e+00  9.02572198e-01  5.08600000e+00  9.06310456e-01  5.08600000e+00  9.05155547e-01  5.08600000e+00  1.01563373e+00 
 5.09600000e+00  9.02836345e-01  5.09600000e+00  9.06421225e-01  5.09600000e+00  9.05259653e-01  5.09600000e+00  1.03100082e+00 
 5.10100000e+00  9.02964284e-01  5.10100000e+00  9.06475070e-01  5.10100000e+00  9.05310278e-01  5.10100000e+00  1.03842988e+00 
 5.10200000e+00  9.02989525e-01  5.10200000e+00  9.06485708e-01  5.10200000e+00  9.05320279e-01  5.10200000e+00  1.03989472e+00 
 5.10400000e+00  9.03039651e-01  5.10400000e+00  9.06506857e-01  5.10400000e+00  9.05340171e-01  5.10400000e+00  1.04280355e+00 
 5.10800000e+00  9.03138457e-01  5.10800000e+00  9.06548601e-01  5.10800000e+00  9.05379429e-01  5.10800000e+00  1.04853037e+00 
 5.11600000e+00  9.03330059e-01  5.11600000e+00  9.06629790e-01  5.11600000e+00  9.05455816e-01  5.11600000e+00  1.05962283e+00 
 5.12600000e+00  9.03557678e-01  5.12600000e+00  9.06726943e-01  5.12600000e+00  9.05547275e-01  5.12600000e+00  1.07276730e+00 
 5.13600000e+00  9.03771257e-01  5.13600000e+00  9.06818926e-01  5.13600000e+00  9.05633949e-01  5.13600000e+00  1.08505028e+00 
 5.14600000e+00  9.03969952e-01  5.14600000e+00  9.06905190e-01  5.14600000e+00  9.05715296e-01  5.14600000e+00  1.09641930e+00 
 5.15600000e+00  9.04152979e-01  5.15600000e+00  9.06985415e-01  5.15600000e+00  9.05791019e-01  5.15600000e+00  1.10685155e+00 
 5.16600000e+00  9.04319617e-01  5.16600000e+00  9.07059400e-01  5.16600000e+00  9.05860937e-01  5.16600000e+00  1.11628742e+00 
 5.17600000e+00  9.04469207e-01  5.17600000e+00  9.07126961e-01  5.17600000e+00  9.05924887e-01  5.17600000e+00  1.12468957e+00 
 5.18600000e+00  9.04601159e-01  5.18600000e+00  9.07187904e-01  5.18600000e+00  9.05982673e-01  5.18600000e+00  1.13204205e+00 
 5.19600000e+00  9.04714953e-01  5.19600000e+00  9.07242091e-01  5.19600000e+00  9.06034183e-01  5.19600000e+00  1.13831420e+00 
 5.20600000e+00  9.04810138e-01  5.20600000e+00  9.07289396e-01  5.20600000e+00  9.06079287e-01  5.20600000e+00  1.14348949e+00 
 5.21600000e+00  9.04886341e-01  5.21600000e+00  9.07329601e-01  5.21600000e+00  9.06117784e-01  5.21600000e+00  1.14755154e+00 
 5.22600000e+00  9.04943259e-01  5.22600000e+00  9.07362644e-01  5.22600000e+00  9.06149613e-01  5.22600000e+00  1.15047811e+00 
 5.23600000e+00  9.04980668e-01  5.23600000e+00  9.07388315e-01  5.23600000e+00  9.06174578e-01  5.23600000e+00  1.15225931e+00 
 5.24600000e+00  9.04998421e-01  5.24600000e+00  9.07406523e-01  5.24600000e+00  9.06192578e-01  5.24600000e+00  1.15289035e+00 
 5.25600000e+00  9.04996447e-01  5.25600000e+00  9.07417358e-01  5.25600000e+00  9.06203712e-01  5.25600000e+00  1.15237780e+00 
 5.26600000e+00  9.04974755e-01  5.26600000e+00  9.07420763e-01  5.26600000e+00  9.06207913e-01  5.26600000e+00  1.15071869e+00 
 5.27600000e+00  9.04933430e-01  5.27600000e+00  9.07416897e-01  5.27600000e+00  9.06205343e-01  5.27600000e+00  1.14792669e+00 
 5.28600000e+00  9.04872634e-01  5.28600000e+00  9.07405986e-01  5.28600000e+00  9.06196211e-01  5.28600000e+00  1.14401985e+00 
 5.29600000e+00  9.04792609e-01  5.29600000e+00  9.07388014e-01  5.29600000e+00  9.06180502e-01  5.29600000e+00  1.13901247e+00 
 5.30600000e+00  9.04693669e-01  5.30600000e+00  9.07362880e-01  5.30600000e+00  9.06158109e-01  5.30600000e+00  1.13290583e+00 
 5.31600000e+00  9.04576206e-01  5.31600000e+00  9.07330727e-01  5.31600000e+00  9.06129172e-01  5.31600000e+00  1.12571644e+00 
 5.32600000e+00  9.04440682e-01  5.32600000e+00  9.07291805e-01  5.32600000e+00  9.06093919e-01  5.32600000e+00  1.11747518e+00 
 5.33600000e+00  9.04287633e-01  5.33600000e+00  9.07246385e-01  5.33600000e+00  9.06052607e-01  5.33600000e+00  1.10822610e+00 
 5.34600000e+00  9.04117663e-01  5.34600000e+00  9.07194691e-01  5.34600000e+00  9.06005432e-01  5.34600000e+00  1.09801850e+00 
 5.35600000e+00  9.03931442e-01  5.35600000e+00  9.07136963e-01  5.35600000e+00  9.05952630e-01  5.35600000e+00  1.08688138e+00 
 5.36600000e+00  9.03729706e-01  5.36600000e+00  9.07073576e-01  5.36600000e+00  9.05894547e-01  5.36600000e+00  1.07485472e+00 
 5.37600000e+00  9.03513250e-01  5.37600000e+00  9.07004720e-01  5.37600000e+00  9.05831364e-01  5.37600000e+00  1.06198208e+00 
 5.38600000e+00  9.03282929e-01  5.38600000e+00  9.06930642e-01  5.38600000e+00  9.05763294e-01  5.38600000e+00  1.04831660e+00 
 5.39600000e+00  9.03039651e-01  5.39600000e+00  9.06851733e-01  5.39600000e+00  9.05690717e-01  5.39600000e+00  1.03390805e+00 
 5.40600000e+00  9.02784378e-01  5.40600000e+00  9.06768347e-01  5.40600000e+00  9.05613959e-01  5.40600000e+00  1.01879798e+00 
 5.41600000e+00  9.02518116e-01  5.41600000e+00  9.06680864e-01  5.41600000e+00  9.05533376e-01  5.41600000e+00  1.00305690e+00 
 5.42600000e+00  9.02241916e-01  5.42600000e+00  9.06589681e-01  5.42600000e+00  9.05449323e-01  5.42600000e+00  9.86760594e-01 
 5.43600000e+00  9.01956868e-01  5.43600000e+00  9.06495280e-01  5.43600000e+00  9.05362262e-01  5.43600000e+00  9.69979678e-01 
 5.44600000e+00  9.01664098e-01  5.44600000e+00  9.06398165e-01  5.44600000e+00  9.05272670e-01  5.44600000e+00  9.52763756e-01 
 5.45600000e+00  9.01364760e-01  5.45600000e+00  9.06298759e-01  5.45600000e+00  9.05180943e-01  5.45600000e+00  9.35180182e-01 
 5.46600000e+00  9.01060036e-01  5.46600000e+00  9.06197381e-01  5.46600000e+00  9.05087362e-01  5.46600000e+00  9.17310411e-01 
 5.47600000e+00  9.00751128e-01  5.47600000e+00  9.06094320e-01  5.47600000e+00  9.04992206e-01  5.47600000e+00  8.99196727e-01 
 5.48600000e+00  9.00439256e-01  5.48600000e+00  9.05990109e-01  5.48600000e+00  9.04895969e-01  5.48600000e+00  8.80903077e-01 
 5.49600000e+00  9.00125650e-01  5.49600000e+00  9.05885374e-01  5.49600000e+00  9.04799237e-01  5.49600000e+00  8.62540978e-01 
 5.50600000e+00  8.99811549e-01  5.50600000e+00  9.05780647e-01  5.50600000e+00  9.04702497e-01  5.50600000e+00  8.44201250e-01 
 5.51600000e+00  8.99498191e-01  5.51600000e+00  9.05676222e-01  5.51600000e+00  9.04606038e-01  5.51600000e+00  8.25923637e-01 
 5.52600000e+00  8.99186814e-01  5.52600000e+00  9.05572505e-01  5.52600000e+00  9.04510227e-01  5.52600000e+00  8.07766884e-01 
 5.53600000e+00  8.98878646e-01  5.53600000e+00  9.05470123e-01  5.53600000e+00  9.04415660e-01  5.53600000e+00  7.89827697e-01 
 5.54600000e+00  8.98574904e-01  5.54600000e+00  9.05369429e-01  5.54600000e+00  9.04322650e-01  5.54600000e+00  7.72178802e-01 
 5.55600000e+00  8.98276785e-01  5.55600000e+00  9.05270822e-01  5.55600000e+00  9.04231576e-01  5.55600000e+00  7.54885537e-01 
 5.56600000e+00  8.97985468e-01  5.56600000e+00  9.05174768e-01  5.56600000e+00  9.04142866e-01  5.56600000e+00  7.38018606e-01 
 5.57600000e+00  8.97702101e-01  5.57600000e+00  9.05081811e-01  5.57600000e+00  9.04057043e-01  5.57600000e+00  7.21644279e-01 
 5.58600000e+00  8.97427802e-01  5.58600000e+00  9.04992220e-01  5.58600000e+00  9.03974342e-01  5.58600000e+00  7.05819663e-01 
 5.59600000e+00  8.97163655e-01  5.59600000e+00  9.04906394e-01  5.59600000e+00  9.03895145e-01  5.59600000e+00  6.90608126e-01 
 5.60600000e+00  8.96910702e-01  5.60600000e+00  9.04824838e-01  5.60600000e+00  9.03819916e-01  5.60600000e+00  6.76074584e-01 
 5.61600000e+00  8.96669941e-01  5.61600000e+00  9.04747779e-01  5.61600000e+00  9.03748868e-01  5.61600000e+00  6.62277571e-01 
 5.62600000e+00  8.96442322e-01  5.62600000e+00  9.04675734e-01  5.62600000e+00  9.03682476e-01  5.62600000e+00  6.49285222e-01 
 5.63600000e+00  8.96228743e-01  5.63600000e+00  9.04609066e-01  5.63600000e+00  9.03621092e-01  5.63600000e+00  6.37150523e-01 
 5.64600000e+00  8.96030048e-01  5.64600000e+00  9.04547938e-01  5.64600000e+00  9.03564849e-01  5.64600000e+00  6.25912553e-01 
 5.65600000e+00  8.95847021e-01  5.65600000e+00  9.04492666e-01  5.65600000e+00  9.03514060e-01  5.65600000e+00  6.15606255e-01 
 5.66600000e+00  8.95680383e-01  5.66600000e+00  9.04443538e-01  5.66600000e+00  9.03468982e-01  5.66600000e+00  6.06270037e-01 
 5.67600000e+00  8.95530793e-01  5.67600000e+00  9.04400767e-01  5.67600000e+00  9.03429824e-01  5.67600000e+00  5.97940438e-01 
 5.68600000e+00  8.95398841e-01  5.68600000e+00  9.04364756e-01  5.68600000e+00  9.03396958e-01  5.68600000e+00  5.90655628e-01 
 5.69600000e+00  8.95285047e-01  5.69600000e+00  9.04335572e-01  5.69600000e+00  9.03370450e-01  5.69600000e+00  5.84449239e-01 
 5.70600000e+00  8.95189862e-01  5.70600000e+00  9.04313162e-01  5.70600000e+00  9.03350237e-01  5.70600000e+00  5.79321489e-01 
 5.71600000e+00  8.95113659e-01  5.71600000e+00  9.04297910e-01  5.71600000e+00  9.03336686e-01  5.71600000e+00  5.75314381e-01 
 5.72600000e+00  8.95056741e-01  5.72600000e+00  9.04289806e-01  5.72600000e+00  9.03329785e-01  5.72600000e+00  5.72436850e-01 
 5.73600000e+00  8.95019332e-01  5.73600000e+00  9.04288903e-01  5.73600000e+00  9.03329590e-01  5.73600000e+00  5.70682376e-01 
 5.74600000e+00  8.95001579e-01  5.74600000e+00  9.04295441e-01  5.74600000e+00  9.03336319e-01  5.74600000e+00  5.70086117e-01 
 5.75600000e+00  8.95003553e-01  5.75600000e+00  9.04309211e-01  5.75600000e+00  9.03349779e-01  5.75600000e+00  5.70635458e-01 
 5.76600000e+00  8.95025245e-01  5.76600000e+00  9.04330425e-01  5.76600000e+00  9.03370172e-01  5.76600000e+00  5.72331055e-01 
 5.77600000e+00  8.95066570e-01  5.77600000e+00  9.04359154e-01  5.77600000e+00  9.03397573e-01  5.77600000e+00  5.75183968e-01 
 5.78600000e+00  8.95127366e-01  5.78600000e+00  9.04395021e-01  5.78600000e+00  9.03431607e-01  5.78600000e+00  5.79174561e-01 
 5.79600000e+00  8.95207391e-01  5.79600000e+00  9.04438071e-01  5.79600000e+00  9.03472334e-01  5.79600000e+00  5.84289222e-01 
 5.80600000e+00  8.95306331e-01  5.80600000e+00  9.04488209e-01  5.80600000e+00  9.03519660e-01  5.80600000e+00  5.90506995e-01 
 5.81600000e+00  8.95423794e-01  5.81600000e+00  9.04545200e-01  5.81600000e+00  9.03573377e-01  5.81600000e+00  5.97791104e-01 
 5.82600000e+00  8.95559318e-01  5.82600000e+00  9.04608841e-01  5.82600000e+00  9.03633286e-01  5.82600000e+00  6.06112228e-01 
 5.83600000e+00  8.95712367e-01  5.83600000e+00  9.04679011e-01  5.83600000e+00  9.03699277e-01  5.83600000e+00  6.15465383e-01 
 5.84600000e+00  8.95882337e-01  5.84600000e+00  9.04755523e-01  5.84600000e+00  9.03771183e-01  5.84600000e+00  6.25797427e-01 
 5.85600000e+00  8.96068558e-01  5.85600000e+00  9.04838075e-01  5.85600000e+00  9.03848726e-01  5.85600000e+00  6.37060793e-01 
 5.86600000e+00  8.96270294e-01  5.86600000e+00  9.04926385e-01  5.86600000e+00  9.03931633e-01  5.86600000e+00  6.49229013e-01 
 5.87600000e+00  8.96486750e-01  5.87600000e+00  9.05020094e-01  5.87600000e+00  9.04019576e-01  5.87600000e+00  6.62250141e-01 
 5.88600000e+00  8.96717071e-01  5.88600000e+00  9.05119000e-01  5.88600000e+00  9.04112369e-01  5.88600000e+00  6.76070410e-01 
 5.89600000e+00  8.96960349e-01  5.89600000e+00  9.05222767e-01  5.89600000e+00  9.04209699e-01  5.89600000e+00  6.90651456e-01 
 5.90600000e+00  8.97215622e-01  5.90600000e+00  9.05330947e-01  5.90600000e+00  9.04311138e-01  5.90600000e+00  7.05943025e-01 
 5.91600000e+00  8.97481884e-01  5.91600000e+00  9.05443263e-01  5.91600000e+00  9.04416450e-01  5.91600000e+00  7.21862664e-01 
 5.92600000e+00  8.97758084e-01  5.92600000e+00  9.05559215e-01  5.92600000e+00  9.04525156e-01  5.92600000e+00  7.38349788e-01 
 5.93600000e+00  8.98043132e-01  5.93600000e+00  9.05678399e-01  5.93600000e+00  9.04636883e-01  5.93600000e+00  7.55346275e-01 
 5.94600000e+00  8.98335902e-01  5.94600000e+00  9.05800475e-01  5.94600000e+00  9.04751317e-01  5.94600000e+00  7.72778536e-01 
 5.95600000e+00  8.98635240e-01  5.95600000e+00  9.05924926e-01  5.95600000e+00  9.04867976e-01  5.95600000e+00  7.90581578e-01 
 5.96600000e+00  8.98939964e-01  5.96600000e+00  9.06051205e-01  5.96600000e+00  9.04986344e-01  5.96600000e+00  8.08672926e-01 
 5.97600000e+00  8.99248872e-01  5.97600000e+00  9.06178907e-01  5.97600000e+00  9.05106050e-01  5.97600000e+00  8.26979122e-01 
 5.98600000e+00  8.99560744e-01  5.98600000e+00  9.06307635e-01  5.98600000e+00  9.05226714e-01  5.98600000e+00  8.45451644e-01 
 5.99600000e+00  8.99874350e-01  5.99600000e+00  9.06436803e-01  5.99600000e+00  9.05347795e-01  5.99600000e+00  8.64004691e-01 
 6.00600000e+00  9.00188451e-01  6.00600000e+00  9.06566072e-01  6.00600000e+00  9.05468985e-01  6.00600000e+00  8.82546641e-01 
 6.01600000e+00  9.00501809e-01  6.01600000e+00  9.06695048e-01  6.01600000e+00  9.05589925e-01  6.01600000e+00  9.01007761e-01 
 6.02600000e+00  9.00813186e-01  6.02600000e+00  9.06823304e-01  6.02600000e+00  9.05710203e-01  6.02600000e+00  9.19338062e-01 
