-9.00000000e-01  3.02744206e-02 
-8.90000000e-01  3.50851977e-02 
-8.80000000e-01  4.04898842e-02 
-8.70000000e-01  4.65093257e-02 
-8.60000000e-01  5.31413898e-02 
-8.50000000e-01  6.03658936e-02 
-8.40000000e-01  6.81448021e-02 
-8.30000000e-01  7.64263252e-02 
-8.20000000e-01  8.51492844e-02 
-8.10000000e-01  9.42449454e-02 
-8.00000000e-01  1.03636661e-01 
-7.90000000e-01  1.13243657e-01 
-7.80000000e-01  1.22992749e-01 
-7.70000000e-01  1.32829021e-01 
-7.60000000e-01  1.42717046e-01 
-7.50000000e-01  1.52635854e-01 
-7.40000000e-01  1.62573399e-01 
-7.30000000e-01  1.72522727e-01 
-7.20000000e-01  1.82479730e-01 
-7.10000000e-01  1.92441903e-01 
-7.00000000e-01  2.02407672e-01 
-6.90000000e-01  2.12376016e-01 
-6.80000000e-01  2.22346253e-01 
-6.70000000e-01  2.32317914e-01 
-6.60000000e-01  2.42290671e-01 
-6.50000000e-01  2.52264289e-01 
-6.40000000e-01  2.62238596e-01 
-6.30000000e-01  2.72213462e-01 
-6.20000000e-01  2.82188792e-01 
-6.10000000e-01  2.92164510e-01 
-6.00000000e-01  3.02140558e-01 
-5.90000000e-01  3.12116891e-01 
-5.80000000e-01  3.22093472e-01 
-5.70000000e-01  3.32070271e-01 
-5.60000000e-01  3.42047265e-01 
-5.50000000e-01  3.52024435e-01 
-5.40000000e-01  3.62001763e-01 
-5.30000000e-01  3.71979237e-01 
-5.20000000e-01  3.81956845e-01 
-5.10000000e-01  3.91934577e-01 
-5.00000000e-01  4.01912424e-01 
-4.90000000e-01  4.11890381e-01 
-4.80000000e-01  4.21868439e-01 
-4.70000000e-01  4.31846596e-01 
-4.60000000e-01  4.41824844e-01 
-4.50000000e-01  4.51803181e-01 
-4.40000000e-01  4.61781602e-01 
-4.30000000e-01  4.71760105e-01 
-4.20000000e-01  4.81738686e-01 
-4.10000000e-01  4.91717342e-01 
-4.00000000e-01  5.01696072e-01 
-3.90000000e-01  5.11674873e-01 
-3.80000000e-01  5.21653743e-01 
-3.70000000e-01  5.31632680e-01 
-3.60000000e-01  5.41611682e-01 
-3.50000000e-01  5.51590748e-01 
-3.40000000e-01  5.61569877e-01 
-3.30000000e-01  5.71549066e-01 
-3.20000000e-01  5.81528315e-01 
-3.10000000e-01  5.91507623e-01 
-3.00000000e-01  6.01486988e-01 
-2.90000000e-01  6.11466408e-01 
-2.80000000e-01  6.21445884e-01 
-2.70000000e-01  6.31425414e-01 
-2.60000000e-01  6.41404997e-01 
-2.50000000e-01  6.51384633e-01 
-2.40000000e-01  6.61364319e-01 
-2.30000000e-01  6.71344056e-01 
-2.20000000e-01  6.81323842e-01 
-2.10000000e-01  6.91303677e-01 
-2.00000000e-01  7.01283560e-01 
-1.90000000e-01  7.11263490e-01 
-1.80000000e-01  7.21243466e-01 
-1.70000000e-01  7.31223488e-01 
-1.60000000e-01  7.41203555e-01 
-1.50000000e-01  7.51183666e-01 
-1.40000000e-01  7.61163820e-01 
-1.30000000e-01  7.71144017e-01 
-1.20000000e-01  7.81124256e-01 
-1.10000000e-01  7.91104536e-01 
-1.00000000e-01  8.01084857e-01 
-9.00000000e-02  8.11065217e-01 
-8.00000000e-02  8.21045617e-01 
-7.00000000e-02  8.31026055e-01 
-6.00000000e-02  8.41006531e-01 
-5.00000000e-02  8.50987044e-01 
-4.00000000e-02  8.60967593e-01 
-3.00000000e-02  8.70948178e-01 
-2.00000000e-02  8.80928799e-01 
-1.00000000e-02  8.90909453e-01 
 6.41847686e-16  9.00890141e-01 
 1.00000000e-02  9.10870862e-01 
 2.00000000e-02  9.20851616e-01 
 3.00000000e-02  9.30832400e-01 
 4.00000000e-02  9.40813216e-01 
 5.00000000e-02  9.50794061e-01 
 6.00000000e-02  9.60774936e-01 
 7.00000000e-02  9.70755839e-01 
 8.00000000e-02  9.80736770e-01 
 9.00000000e-02  9.90717728e-01 
 1.00000000e-01  1.00069871e+00 
 1.10000000e-01  1.01067972e+00 
 1.20000000e-01  1.02066076e+00 
 1.30000000e-01  1.03064182e+00 
 1.40000000e-01  1.04062290e+00 
 1.50000000e-01  1.05060400e+00 
 1.60000000e-01  1.06058513e+00 
 1.70000000e-01  1.07056628e+00 
 1.80000000e-01  1.08054744e+00 
 1.90000000e-01  1.09052863e+00 
 2.00000000e-01  1.10050984e+00 
 2.10000000e-01  1.11049107e+00 
 2.20000000e-01  1.12047233e+00 
 2.30000000e-01  1.13045360e+00 
 2.40000000e-01  1.14043490e+00 
 2.50000000e-01  1.15041623e+00 
 2.60000000e-01  1.16039760e+00 
 2.70000000e-01  1.17037900e+00 
 2.80000000e-01  1.18036046e+00 
 2.90000000e-01  1.19034199e+00 
 3.00000000e-01  1.20032362e+00 
 3.10000000e-01  1.21030537e+00 
 3.20000000e-01  1.22028728e+00 
 3.30000000e-01  1.23026939e+00 
 3.40000000e-01  1.24025175e+00 
 3.50000000e-01  1.25023443e+00 
 3.60000000e-01  1.26021747e+00 
 3.70000000e-01  1.27020094e+00 
 3.80000000e-01  1.28018488e+00 
 3.90000000e-01  1.29016936e+00 
 4.00000000e-01  1.30015442e+00 
 4.10000000e-01  1.31014013e+00 
 4.20000000e-01  1.32012651e+00 
 4.30000000e-01  1.33011362e+00 
 4.40000000e-01  1.34010148e+00 
 4.50000000e-01  1.35009012e+00 
 4.60000000e-01  1.36007955e+00 
 4.70000000e-01  1.37006978e+00 
 4.80000000e-01  1.38006082e+00 
 4.90000000e-01  1.39005265e+00 
 5.00000000e-01  1.40004525e+00 
 5.10000000e-01  1.41003860e+00 
 5.20000000e-01  1.42003266e+00 
 5.30000000e-01  1.43002740e+00 
 5.40000000e-01  1.44002276e+00 
 5.50000000e-01  1.45001869e+00 
 5.60000000e-01  1.46001513e+00 
 5.70000000e-01  1.47001204e+00 
 5.80000000e-01  1.48000933e+00 
 5.90000000e-01  1.49000695e+00 
 6.00000000e-01  1.50000481e+00 
 6.10000000e-01  1.51000285e+00 
 6.20000000e-01  1.52000097e+00 
 6.30000000e-01  1.52999906e+00 
 6.40000000e-01  1.53999699e+00 
 6.50000000e-01  1.54999457e+00 
 6.60000000e-01  1.55999154e+00 
 6.70000000e-01  1.56998750e+00 
 6.80000000e-01  1.57998184e+00 
 6.90000000e-01  1.58997359e+00 
 7.00000000e-01  1.59996117e+00 
 7.10000000e-01  1.60994188e+00 
 7.20000000e-01  1.61991094e+00 
 7.30000000e-01  1.62985902e+00 
 7.40000000e-01  1.63976223e+00 
 7.50000000e-01  1.64942237e+00 
 7.60000000e-01  1.65111487e+00 
 7.70000000e-01  1.65109851e+00 
 7.80000000e-01  1.65114150e+00 
 7.90000000e-01  1.65115233e+00 
 8.00000000e-01  1.65116205e+00 
 8.10000000e-01  1.65117034e+00 
 8.20000000e-01  1.65117789e+00 
 8.30000000e-01  1.65118415e+00 
 8.40000000e-01  1.65118987e+00 
 8.50000000e-01  1.65119493e+00 
 8.60000000e-01  1.65119902e+00 
 8.70000000e-01  1.65120248e+00 
 8.80000000e-01  1.65120577e+00 
 8.90000000e-01  1.65120885e+00 
 9.00000000e-01  1.65121133e+00 
