-1.01000000e-01  5.54673451e-14 -1.01000000e-01  7.74596069e+11 
-9.10000000e-02  4.34458831e-14 -9.10000000e-02  8.98232949e+11 
-8.10000000e-02  3.32014062e-14 -8.10000000e-02  1.05340032e+12 
-7.10000000e-02  2.44597488e-14 -7.10000000e-02  1.22790866e+12 
-6.10000000e-02  1.69135497e-14 -6.10000000e-02  1.41873059e+12 
-5.10000000e-02  1.03626396e-14 -5.10000000e-02  1.61865847e+12 
-4.10000000e-02  4.55763868e-15 -4.10000000e-02  2.02495128e+12 
-3.10000000e-02  4.85858784e-16 -3.10000000e-02  4.13688018e+13 
-2.10000000e-02  5.04109479e-15 -2.10000000e-02  2.27348140e+12 
-1.10000000e-02  9.28293977e-15 -1.10000000e-02  2.41654238e+12 
-1.00000000e-03  1.33173825e-14 -1.00000000e-03  2.57646400e+12 
 9.00000000e-03  1.70455167e-14  9.00000000e-03  2.65440881e+12 
 1.90000000e-02  2.08520169e-14  1.90000000e-02  2.62015878e+12 
 2.90000000e-02  2.46786419e-14  2.90000000e-02  2.62784621e+12 
 3.90000000e-02  2.84628124e-14  3.90000000e-02  2.61921622e+12 
 4.90000000e-02  3.23145140e-14  4.90000000e-02  2.56936707e+12 
 5.90000000e-02  3.62468306e-14  5.90000000e-02  2.51923152e+12 
 6.90000000e-02  4.02534429e-14  6.90000000e-02  2.47711751e+12 
 7.90000000e-02  4.43207310e-14  7.90000000e-02  2.36831682e+12 
 8.90000000e-02  4.86982590e-14  8.90000000e-02  2.25204743e+12 
 9.90000000e-02  5.32015386e-14  9.90000000e-02  2.19002622e+12 
