-9.00000000e-01  2.30859624e-09 -9.00000000e-01  3.89917117e+07 
-8.90000000e-01  2.06474500e-09 -8.90000000e-01  4.32455425e+07 
-8.80000000e-01  1.84612083e-09 -8.80000000e-01  4.82513922e+07 
-8.70000000e-01  1.65024919e-09 -8.70000000e-01  5.38712833e+07 
-8.60000000e-01  1.47486552e-09 -8.60000000e-01  6.01784758e+07 
-8.50000000e-01  1.31790445e-09 -8.50000000e-01  6.72546174e+07 
-8.40000000e-01  1.17748817e-09 -8.40000000e-01  7.51907030e+07 
-8.30000000e-01  1.05191412e-09 -8.30000000e-01  8.40881690e+07 
-8.20000000e-01  9.39642577e-10 -8.20000000e-01  9.40601462e+07 
-8.10000000e-01  8.39284214e-10 -8.10000000e-01  1.05232851e+08 
-8.00000000e-01  7.49587857e-10 -8.00000000e-01  1.17747131e+08 
-7.90000000e-01  6.69428695e-10 -7.90000000e-01  1.31760275e+08 
-7.80000000e-01  5.97797038e-10 -7.80000000e-01  1.47447997e+08 
-7.70000000e-01  5.33787652e-10 -7.70000000e-01  1.65006626e+08 
-7.60000000e-01  4.76589784e-10 -7.60000000e-01  1.84655696e+08 
-7.50000000e-01  4.25477968e-10 -7.50000000e-01  2.06640839e+08 
-7.40000000e-01  3.79803495e-10 -7.40000000e-01  2.31236975e+08 
-7.30000000e-01  3.38986610e-10 -7.30000000e-01  2.58751843e+08 
-7.20000000e-01  3.02509360e-10 -7.20000000e-01  2.89530357e+08 
-7.10000000e-01  2.69909225e-10 -7.10000000e-01  3.23959269e+08 
-7.00000000e-01  2.40773203e-10 -7.00000000e-01  3.62472558e+08 
-6.90000000e-01  2.14732634e-10 -6.90000000e-01  4.05557424e+08 
-6.80000000e-01  1.91458362e-10 -6.80000000e-01  4.53761579e+08 
-6.70000000e-01  1.70656624e-10 -6.70000000e-01  5.07701562e+08 
-6.60000000e-01  1.52065141e-10 -6.60000000e-01  5.68070759e+08 
-6.50000000e-01  1.35449743e-10 -6.50000000e-01  6.35653033e+08 
-6.40000000e-01  1.20601435e-10 -6.40000000e-01  7.11332705e+08 
-6.30000000e-01  1.07333504e-10 -6.30000000e-01  7.96107594e+08 
-6.20000000e-01  9.54792027e-11 -6.20000000e-01  8.91111894e+08 
-6.10000000e-01  8.48896335e-11 -6.10000000e-01  9.97632089e+08 
-6.00000000e-01  7.54317320e-11 -6.00000000e-01  1.11712724e+09 
-5.90000000e-01  6.69865699e-11 -5.90000000e-01  1.25126445e+09 
-5.80000000e-01  5.94479006e-11 -5.80000000e-01  1.40194295e+09 
-5.70000000e-01  5.27206542e-11 -5.70000000e-01  1.57132314e+09 
-5.60000000e-01  4.67197739e-11 -5.60000000e-01  1.76189885e+09 
-5.50000000e-01  4.13692648e-11 -5.50000000e-01  1.97652236e+09 
-5.40000000e-01  3.66009913e-11 -5.40000000e-01  2.21846051e+09 
-5.30000000e-01  3.23540040e-11 -5.30000000e-01  2.49150632e+09 
-5.20000000e-01  2.85737189e-11 -5.20000000e-01  2.79998321e+09 
-5.10000000e-01  2.52111040e-11 -5.10000000e-01  3.14891835e+09 
-5.00000000e-01  2.22223316e-11 -5.00000000e-01  3.54412476e+09 
-4.90000000e-01  1.95679618e-11 -4.90000000e-01  3.99237175e+09 
-4.80000000e-01  1.72127781e-11 -4.80000000e-01  4.50142980e+09 
-4.70000000e-01  1.51249291e-11 -4.70000000e-01  5.08024516e+09 
-4.60000000e-01  1.32759602e-11 -4.60000000e-01  5.73950579e+09 
-4.50000000e-01  1.16403085e-11 -4.50000000e-01  6.49140832e+09 
-4.40000000e-01  1.01949647e-11 -4.40000000e-01  7.35005007e+09 
-4.30000000e-01  8.91923861e-12 -4.30000000e-01  8.33218186e+09 
-4.20000000e-01  7.79463299e-12 -4.20000000e-01  9.45721492e+09 
-4.10000000e-01  6.80445110e-12 -4.10000000e-01  1.07469950e+10 
-4.00000000e-01  5.93364767e-12 -4.00000000e-01  1.22280091e+10 
-3.90000000e-01  5.16886187e-12 -3.90000000e-01  1.39312225e+10 
-3.80000000e-01  4.49802348e-12 -3.80000000e-01  1.58923041e+10 
-3.70000000e-01  3.91039111e-12 -3.70000000e-01  1.81524993e+10 
-3.60000000e-01  3.39624683e-12 -3.60000000e-01  2.07586237e+10 
-3.50000000e-01  2.94693610e-12 -3.50000000e-01  2.37704502e+10 
-3.40000000e-01  2.55486604e-12 -3.40000000e-01  2.72514467e+10 
-3.30000000e-01  2.21303011e-12 -3.30000000e-01  3.12750823e+10 
-3.20000000e-01  1.91537931e-12 -3.20000000e-01  3.59446640e+10 
-3.10000000e-01  1.65661929e-12 -3.10000000e-01  4.13481010e+10 
-3.00000000e-01  1.43168116e-12 -3.00000000e-01  4.76040094e+10 
-2.90000000e-01  1.23648661e-12 -2.90000000e-01  5.48696699e+10 
-2.80000000e-01  1.06718107e-12 -2.80000000e-01  6.33059431e+10 
-2.70000000e-01  9.20560503e-13 -2.70000000e-01  7.30941606e+10 
-2.60000000e-01  7.93561397e-13 -2.60000000e-01  8.44532146e+10 
-2.50000000e-01  6.83742993e-13 -2.50000000e-01  9.76489400e+10 
-2.40000000e-01  5.88746066e-13 -2.40000000e-01  1.12984997e+11 
-2.30000000e-01  5.06728340e-13 -2.30000000e-01  1.30790868e+11 
-2.20000000e-01  4.35830191e-13 -2.20000000e-01  1.51427230e+11 
-2.10000000e-01  3.74651699e-13 -2.10000000e-01  1.75429322e+11 
-2.00000000e-01  3.21824165e-13 -2.00000000e-01  2.03426820e+11 
-1.90000000e-01  2.76336246e-13 -1.90000000e-01  2.35737523e+11 
-1.80000000e-01  2.36984044e-13 -1.80000000e-01  2.72958356e+11 
-1.70000000e-01  2.03064995e-13 -1.70000000e-01  3.16675778e+11 
-1.60000000e-01  1.73827966e-13 -1.60000000e-01  3.67301126e+11 
-1.50000000e-01  1.48613760e-13 -1.50000000e-01  4.25196941e+11 
-1.40000000e-01  1.26790939e-13 -1.40000000e-01  4.91588072e+11 
-1.30000000e-01  1.07929291e-13 -1.30000000e-01  5.68389620e+11 
-1.20000000e-01  9.16038079e-14 -1.20000000e-01  6.57797401e+11 
-1.10000000e-01  7.75247921e-14 -1.10000000e-01  7.61104769e+11 
-1.00000000e-01  6.53262167e-14 -1.00000000e-01  8.79824103e+11 
-9.00000000e-02  5.47929757e-14 -9.00000000e-02  1.00903335e+12 
-8.00000000e-02  4.55052662e-14 -8.00000000e-02  1.15223017e+12 
-7.00000000e-02  3.74353326e-14 -7.00000000e-02  1.31642099e+12 
-6.00000000e-02  3.03125580e-14 -6.00000000e-02  1.48687323e+12 
-5.00000000e-02  2.39842868e-14 -5.00000000e-02  1.68015375e+12 
-4.00000000e-02  1.84088855e-14 -4.00000000e-02  1.85655637e+12 
-3.00000000e-02  1.32116540e-14 -3.00000000e-02  2.03912541e+12 
-2.00000000e-02  8.60075899e-15 -2.00000000e-02  2.22228509e+12 
-1.00000000e-02  4.21190860e-15 -1.00000000e-02  2.32725374e+12 
 6.41847686e-16  6.93889390e-18  6.41847686e-16  1.15292150e+15 
 1.00000000e-02  4.19456136e-15  1.00000000e-02  2.41804007e+12 
 2.00000000e-02  8.27810043e-15  2.00000000e-02  2.37813842e+12 
 3.00000000e-02  1.26045008e-14  3.00000000e-02  2.25004197e+12 
 4.00000000e-02  1.71668235e-14  4.00000000e-02  2.16714569e+12 
 5.00000000e-02  2.18332297e-14  5.00000000e-02  2.07136454e+12 
 6.00000000e-02  2.68222944e-14  6.00000000e-02  1.92796238e+12 
 7.00000000e-02  3.22068761e-14  7.00000000e-02  1.77317980e+12 
 8.00000000e-02  3.81014664e-14  8.00000000e-02  1.62154923e+12 
 9.00000000e-02  4.45407600e-14  9.00000000e-02  1.46906410e+12 
 1.00000000e-01  5.17155763e-14  1.00000000e-01  1.32580670e+12 
 1.10000000e-01  5.96259153e-14  1.10000000e-01  1.19201975e+12 
 1.20000000e-01  6.84938217e-14  1.20000000e-01  1.06338453e+12 
 1.30000000e-01  7.84337872e-14  1.30000000e-01  9.47035900e+11 
 1.40000000e-01  8.96123453e-14  1.40000000e-01  8.37757233e+11 
 1.50000000e-01  1.02307052e-13  1.50000000e-01  7.45744828e+11 
 1.60000000e-01  1.16431170e-13  1.60000000e-01  6.61382231e+11 
 1.70000000e-01  1.32546751e-13  1.70000000e-01  5.84645793e+11 
 1.80000000e-01  1.50639917e-13  1.80000000e-01  5.19287228e+11 
 1.90000000e-01  1.71061082e-13  1.90000000e-01  4.59954322e+11 
 2.00000000e-01  1.94122496e-13  2.00000000e-01  4.07248854e+11 
 2.10000000e-01  2.20171104e-13  2.10000000e-01  3.60445665e+11 
 2.20000000e-01  2.49609361e-13  2.20000000e-01  3.19050671e+11 
 2.30000000e-01  2.82857071e-13  2.30000000e-01  2.82925523e+11 
 2.40000000e-01  3.20299343e-13  2.40000000e-01  2.50395601e+11 
 2.50000000e-01  3.62730679e-13  2.50000000e-01  2.21946157e+11 
 2.60000000e-01  4.10411288e-13  2.60000000e-01  1.96630198e+11 
 2.70000000e-01  4.64444455e-13  2.70000000e-01  1.73800275e+11 
 2.80000000e-01  5.25485905e-13  2.80000000e-01  1.53907556e+11 
 2.90000000e-01  5.94392591e-13  2.90000000e-01  1.36224390e+11 
 3.00000000e-01  6.72302491e-13  3.00000000e-01  1.20336663e+11 
 3.10000000e-01  7.60592977e-13  3.10000000e-01  1.06360035e+11 
 3.20000000e-01  8.60343047e-13  3.20000000e-01  9.39748871e+10 
 3.30000000e-01  9.73415792e-13  3.30000000e-01  8.29654806e+10 
 3.40000000e-01  1.10140716e-12  3.40000000e-01  7.32125216e+10 
 3.50000000e-01  1.24659311e-12  3.50000000e-01  6.45590593e+10 
 3.60000000e-01  1.41120102e-12  3.60000000e-01  5.69355199e+10 
 3.70000000e-01  1.59786767e-12  3.70000000e-01  5.01789462e+10 
 3.80000000e-01  1.80977455e-12  3.80000000e-01  4.41966060e+10 
 3.90000000e-01  2.05039111e-12  3.90000000e-01  3.89395266e+10 
 4.00000000e-01  2.32339148e-12  4.00000000e-01  3.43074221e+10 
 4.10000000e-01  2.63335534e-12  4.10000000e-01  3.02131444e+10 
 4.20000000e-01  2.98535502e-12  4.20000000e-01  2.66106298e+10 
 4.30000000e-01  3.38493469e-12  4.30000000e-01  2.34466122e+10 
 4.40000000e-01  3.83835672e-12  4.40000000e-01  2.06648606e+10 
 4.50000000e-01  4.35276121e-12  4.50000000e-01  1.82176390e+10 
 4.60000000e-01  4.93619381e-12  4.60000000e-01  1.60666219e+10 
 4.70000000e-01  5.59757796e-12  4.70000000e-01  1.41773794e+10 
 4.80000000e-01  6.34689176e-12  4.80000000e-01  1.25197800e+10 
 4.90000000e-01  7.19505011e-12  4.90000000e-01  1.10628496e+10 
 5.00000000e-01  8.15474424e-12  5.00000000e-01  9.78101509e+09 
 5.10000000e-01  9.23982765e-12  5.10000000e-01  8.65450128e+09 
 5.20000000e-01  1.04656804e-11  5.20000000e-01  7.66326596e+09 
 5.30000000e-01  1.18496810e-11  5.30000000e-01  6.79087113e+09 
 5.40000000e-01  1.34108107e-11  5.40000000e-01  6.02276743e+09 
 5.50000000e-01  1.51704135e-11  5.50000000e-01  5.34536519e+09 
 5.60000000e-01  1.71523698e-11  5.60000000e-01  4.74747129e+09 
 5.70000000e-01  1.93831826e-11  5.70000000e-01  4.21962852e+09 
 5.80000000e-01  2.18921235e-11  5.80000000e-01  3.75317318e+09 
 5.90000000e-01  2.47120067e-11  5.90000000e-01  3.34041495e+09 
 6.00000000e-01  2.78794036e-11  6.00000000e-01  2.97495732e+09 
 6.10000000e-01  3.14347923e-11  6.10000000e-01  2.65095371e+09 
 6.20000000e-01  3.54238583e-11  6.20000000e-01  2.36346524e+09 
 6.30000000e-01  3.98969434e-11  6.30000000e-01  2.10821706e+09 
 6.40000000e-01  4.49105475e-11  6.40000000e-01  1.88136555e+09 
 6.50000000e-01  5.05275197e-11  6.50000000e-01  1.67956485e+09 
 6.60000000e-01  5.68183937e-11  6.60000000e-01  1.49994601e+09 
 6.70000000e-01  6.38613329e-11  6.70000000e-01  1.33994173e+09 
 6.80000000e-01  7.17444160e-11  6.80000000e-01  1.19729468e+09 
 6.90000000e-01  8.05656583e-11  6.90000000e-01  1.07007104e+09 
 7.00000000e-01  9.04347638e-11  7.00000000e-01  9.56533982e+08 
 7.10000000e-01  1.01474482e-10  7.10000000e-01  8.55164510e+08 
 7.20000000e-01  1.13822077e-10  7.20000000e-01  7.64625033e+08 
 7.30000000e-01  1.27631093e-10  7.30000000e-01  6.83720013e+08 
 7.40000000e-01  1.43073817e-10  7.40000000e-01  6.11409533e+08 
 7.50000000e-01  1.60342392e-10  7.50000000e-01  5.46765585e+08 
 7.60000000e-01  1.79652564e-10  7.60000000e-01  4.88957670e+08 
 7.70000000e-01  2.01245728e-10  7.70000000e-01  4.37254887e+08 
 7.80000000e-01  2.25392476e-10  7.80000000e-01  3.91009594e+08 
 7.90000000e-01  2.52395368e-10  7.90000000e-01  3.49641517e+08 
 8.00000000e-01  2.82593920e-10  8.00000000e-01  3.12634805e+08 
 8.10000000e-01  3.16367772e-10  8.10000000e-01  2.79529164e+08 
 8.20000000e-01  3.54142805e-10  8.20000000e-01  2.49913880e+08 
 8.30000000e-01  3.96395340e-10  8.30000000e-01  2.23423073e+08 
 8.40000000e-01  4.43659075e-10  8.40000000e-01  1.99729262e+08 
 8.50000000e-01  4.96530893e-10  8.50000000e-01  1.78539716e+08 
 8.60000000e-01  5.55678968e-10  8.60000000e-01  1.59592996e+08 
 8.70000000e-01  6.21849676e-10  8.70000000e-01  1.42654725e+08 
 8.80000000e-01  6.95877619e-10  8.80000000e-01  1.27515100e+08 
 8.90000000e-01  7.78693846e-10  8.90000000e-01  1.13986652e+08 
 9.00000000e-01  8.71336760e-10  9.00000000e-01  1.02504956e+08 
