-1.01000000e-01  8.58783406e-01 -1.01000000e-01  1.06018581e+00 -1.01000000e-01  2.01402408e-01 
-9.10000000e-02  8.63194955e-01 -9.10000000e-02  1.06381195e+00 -9.10000000e-02  2.00616995e-01 
-8.10000000e-02  8.67471285e-01 -8.10000000e-02  1.06732599e+00 -8.10000000e-02  1.99854708e-01 
-7.10000000e-02  8.71604265e-01 -7.10000000e-02  1.07072135e+00 -7.10000000e-02  1.99117084e-01 
-6.10000000e-02  8.75592648e-01 -6.10000000e-02  1.07399708e+00 -6.10000000e-02  1.98404435e-01 
-5.10000000e-02  8.79445266e-01 -5.10000000e-02  1.07716053e+00 -5.10000000e-02  1.97715266e-01 
-4.10000000e-02  8.83183443e-01 -4.10000000e-02  1.08022928e+00 -4.10000000e-02  1.97045836e-01 
-3.10000000e-02  8.86842115e-01 -3.10000000e-02  1.08323206e+00 -3.10000000e-02  1.96389943e-01 
-2.10000000e-02  8.90468635e-01 -2.10000000e-02  1.08620776e+00 -2.10000000e-02  1.95739129e-01 
-1.10000000e-02  8.94118758e-01 -1.10000000e-02  1.08920215e+00 -1.10000000e-02  1.95083388e-01 
-1.00000000e-03  8.97851983e-01 -1.00000000e-03  1.09226398e+00 -1.00000000e-03  1.94411999e-01 
 9.00000000e-03  9.01757851e-01  9.00000000e-03  1.09546663e+00  9.00000000e-03  1.93708782e-01 
 1.90000000e-02  9.05898783e-01  1.90000000e-02  1.09886115e+00  1.90000000e-02  1.92962371e-01 
 2.90000000e-02  9.10284989e-01  2.90000000e-02  1.10245575e+00  2.90000000e-02  1.92170764e-01 
 3.90000000e-02  9.14909395e-01  3.90000000e-02  1.10624446e+00  3.90000000e-02  1.91335068e-01 
 4.90000000e-02  9.19749023e-01  4.90000000e-02  1.11020829e+00  4.90000000e-02  1.90459267e-01 
 5.90000000e-02  9.24768748e-01  5.90000000e-02  1.11431831e+00  5.90000000e-02  1.89549561e-01 
 6.90000000e-02  9.29926577e-01  6.90000000e-02  1.11854001e+00  6.90000000e-02  1.88613428e-01 
 7.90000000e-02  9.35178822e-01  7.90000000e-02  1.12283752e+00  7.90000000e-02  1.87658697e-01 
 8.90000000e-02  9.40484299e-01  8.90000000e-02  1.12717709e+00  8.90000000e-02  1.86692787e-01 
 9.90000000e-02  9.45807174e-01  9.90000000e-02  1.13152936e+00  9.90000000e-02  1.85722186e-01 
