 1.09857447e-01  9.03183668e-01  1.09857447e-01  9.04465794e-01  1.09857447e-01  9.00421899e-01 
 1.19857447e-01  9.03419470e-01  1.19857447e-01  9.03615710e-01  1.19857447e-01  9.00326849e-01 
 1.29857447e-01  9.03641776e-01  1.29857447e-01  9.02919136e-01  1.29857447e-01  9.00235997e-01 
 1.39857447e-01  9.03849710e-01  1.39857447e-01  9.02343662e-01  1.39857447e-01  9.00144843e-01 
 1.49857447e-01  9.04042451e-01  1.49857447e-01  9.01864856e-01  1.49857447e-01  9.00052466e-01 
 1.59857447e-01  9.04219238e-01  1.59857447e-01  9.01463371e-01  1.59857447e-01  8.99956930e-01 
 1.61107447e-01  9.04240179e-01  1.61107447e-01  9.01418416e-01  1.61107447e-01  8.99945202e-01 
 1.63607447e-01  9.04281276e-01  1.63607447e-01  9.01330411e-01  1.63607447e-01  8.99921947e-01 
 1.68607447e-01  9.04360290e-01  1.68607447e-01  9.01164796e-01  1.68607447e-01  8.99874034e-01 
 1.78607447e-01  9.04505335e-01  1.78607447e-01  9.00870607e-01  1.78607447e-01  8.99776770e-01 
 1.88607447e-01  9.04632600e-01  1.88607447e-01  9.00619070e-01  1.88607447e-01  8.99680978e-01 
 1.98607447e-01  9.04741582e-01  1.98607447e-01  9.00402249e-01  1.98607447e-01  8.99583552e-01 
 2.08607447e-01  9.04831851e-01  2.08607447e-01  9.00213884e-01  2.08607447e-01  8.99485208e-01 
 2.18607447e-01  9.04903051e-01  2.18607447e-01  9.00049129e-01  2.18607447e-01  8.99387575e-01 
 2.28607447e-01  9.04954901e-01  2.28607447e-01  8.99903852e-01  2.28607447e-01  8.99289852e-01 
 2.38607447e-01  9.04987196e-01  2.38607447e-01  8.99774712e-01  2.38607447e-01  8.99193649e-01 
 2.48607447e-01  9.04999809e-01  2.48607447e-01  8.99659013e-01  2.48607447e-01  8.99097403e-01 
 2.58607447e-01  9.04992690e-01  2.58607447e-01  8.99554363e-01  2.58607447e-01  8.99000409e-01 
 2.68607447e-01  9.04965867e-01  2.68607447e-01  8.99459047e-01  2.68607447e-01  8.98905314e-01 
 2.78607447e-01  9.04919446e-01  2.78607447e-01  8.99371701e-01  2.78607447e-01  8.98811786e-01 
 2.88607447e-01  9.04853610e-01  2.88607447e-01  8.99291231e-01  2.88607447e-01  8.98720515e-01 
 2.98607447e-01  9.04768619e-01  2.98607447e-01  8.99216625e-01  2.98607447e-01  8.98630944e-01 
 3.08607447e-01  9.04664809e-01  3.08607447e-01  8.99146964e-01  3.08607447e-01  8.98541891e-01 
 3.18607447e-01  9.04542589e-01  3.18607447e-01  8.99081489e-01  3.18607447e-01  8.98454503e-01 
 3.28607447e-01  9.04402441e-01  3.28607447e-01  8.99019884e-01  3.28607447e-01  8.98371385e-01 
 3.38607447e-01  9.04244919e-01  3.38607447e-01  8.98961861e-01  3.38607447e-01  8.98290928e-01 
 3.48607447e-01  9.04070644e-01  3.48607447e-01  8.98906963e-01  3.48607447e-01  8.98213109e-01 
 3.58607447e-01  9.03880305e-01  3.58607447e-01  8.98855024e-01  3.58607447e-01  8.98138826e-01 
 3.68607447e-01  9.03674651e-01  3.68607447e-01  8.98805754e-01  3.68607447e-01  8.98068616e-01 
 3.78607447e-01  9.03454495e-01  3.78607447e-01  8.98759189e-01  3.78607447e-01  8.98002939e-01 
 3.88607447e-01  9.03220706e-01  3.88607447e-01  8.98715190e-01  3.88607447e-01  8.97939626e-01 
 3.98607447e-01  9.02974206e-01  3.98607447e-01  8.98673562e-01  3.98607447e-01  8.97880769e-01 
 4.08607447e-01  9.02715969e-01  4.08607447e-01  8.98634254e-01  4.08607447e-01  8.97826513e-01 
 4.18607447e-01  9.02447013e-01  4.18607447e-01  8.98597153e-01  4.18607447e-01  8.97776497e-01 
 4.28607447e-01  9.02168399e-01  4.28607447e-01  8.98562595e-01  4.28607447e-01  8.97733575e-01 
 4.38607447e-01  9.01881228e-01  4.38607447e-01  8.98530527e-01  4.38607447e-01  8.97694759e-01 
 4.48607447e-01  9.01586632e-01  4.48607447e-01  8.98500707e-01  4.48607447e-01  8.97658833e-01 
 4.58607447e-01  9.01285775e-01  4.58607447e-01  8.98473388e-01  4.58607447e-01  8.97629831e-01 
 4.68607447e-01  9.00979844e-01  4.68607447e-01  8.98448508e-01  4.68607447e-01  8.97606897e-01 
 4.78607447e-01  9.00670045e-01  4.78607447e-01  8.98426053e-01  4.78607447e-01  8.97588515e-01 
 4.88607447e-01  9.00357602e-01  4.88607447e-01  8.98406074e-01  4.88607447e-01  8.97575542e-01 
 4.98607447e-01  9.00043748e-01  4.98607447e-01  8.98388651e-01  4.98607447e-01  8.97568486e-01 
 5.08607447e-01  8.99729721e-01  5.08607447e-01  8.98373831e-01  5.08607447e-01  8.97566938e-01 
 5.18607447e-01  8.99416761e-01  5.18607447e-01  8.98361518e-01  5.18607447e-01  8.97570754e-01 
 5.28607447e-01  8.99106102e-01  5.28607447e-01  8.98351820e-01  5.28607447e-01  8.97580297e-01 
 5.38607447e-01  8.98798972e-01  5.38607447e-01  8.98344621e-01  5.38607447e-01  8.97594582e-01 
 5.48607447e-01  8.98496581e-01  5.48607447e-01  8.98339888e-01  5.48607447e-01  8.97614193e-01 
 5.58607447e-01  8.98200123e-01  5.58607447e-01  8.98337710e-01  5.58607447e-01  8.97638884e-01 
 5.68607447e-01  8.97910769e-01  5.68607447e-01  8.98338038e-01  5.68607447e-01  8.97669163e-01 
 5.78607447e-01  8.97629660e-01  5.78607447e-01  8.98340889e-01  5.78607447e-01  8.97704447e-01 
 5.88607447e-01  8.97357906e-01  5.88607447e-01  8.98346294e-01  5.88607447e-01  8.97744012e-01 
 5.98607447e-01  8.97096579e-01  5.98607447e-01  8.98354139e-01  5.98607447e-01  8.97789332e-01 
 6.08607447e-01  8.96846710e-01  6.08607447e-01  8.98364415e-01  6.08607447e-01  8.97839227e-01 
 6.18607447e-01  8.96609286e-01  6.18607447e-01  8.98377203e-01  6.18607447e-01  8.97892989e-01 
 6.28607447e-01  8.96385244e-01  6.28607447e-01  8.98392205e-01  6.28607447e-01  8.97950165e-01 
 6.38607447e-01  8.96175467e-01  6.38607447e-01  8.98409316e-01  6.38607447e-01  8.98009968e-01 
 6.48607447e-01  8.95980784e-01  6.48607447e-01  8.98428619e-01  6.48607447e-01  8.98074580e-01 
 6.58607447e-01  8.95801963e-01  6.58607447e-01  8.98450024e-01  6.58607447e-01  8.98142931e-01 
 6.68607447e-01  8.95639710e-01  6.68607447e-01  8.98473361e-01  6.68607447e-01  8.98213185e-01 
 6.78607447e-01  8.95494665e-01  6.78607447e-01  8.98498663e-01  6.78607447e-01  8.98286925e-01 
 6.88607447e-01  8.95367400e-01  6.88607447e-01  8.98525745e-01  6.88607447e-01  8.98362025e-01 
 6.98607447e-01  8.95258418e-01  6.98607447e-01  8.98554431e-01  6.98607447e-01  8.98439243e-01 
 7.08607447e-01  8.95168149e-01  7.08607447e-01  8.98584557e-01  7.08607447e-01  8.98519045e-01 
 7.18607447e-01  8.95096949e-01  7.18607447e-01  8.98615958e-01  7.18607447e-01  8.98599261e-01 
 7.28607447e-01  8.95045099e-01  7.28607447e-01  8.98648749e-01  7.28607447e-01  8.98680423e-01 
 7.38607447e-01  8.95012804e-01  7.38607447e-01  8.98682597e-01  7.38607447e-01  8.98761915e-01 
 7.48607447e-01  8.95000191e-01  7.48607447e-01  8.98717384e-01  7.48607447e-01  8.98844474e-01 
 7.58607447e-01  8.95007310e-01  7.58607447e-01  8.98753145e-01  7.58607447e-01  8.98927514e-01 
 7.68607447e-01  8.95034133e-01  7.68607447e-01  8.98789487e-01  7.68607447e-01  8.99008348e-01 
 7.78607447e-01  8.95080554e-01  7.78607447e-01  8.98826259e-01  7.78607447e-01  8.99088738e-01 
 7.88607447e-01  8.95146390e-01  7.88607447e-01  8.98863622e-01  7.88607447e-01  8.99170244e-01 
 7.98607447e-01  8.95231381e-01  7.98607447e-01  8.98901324e-01  7.98607447e-01  8.99249985e-01 
 8.08607447e-01  8.95335191e-01  8.08607447e-01  8.98938928e-01  8.08607447e-01  8.99326294e-01 
 8.18607447e-01  8.95457411e-01  8.18607447e-01  8.98976331e-01  8.18607447e-01  8.99400610e-01 
 8.28607447e-01  8.95597559e-01  8.28607447e-01  8.99013553e-01  8.28607447e-01  8.99473854e-01 
 8.38607447e-01  8.95755081e-01  8.38607447e-01  8.99050567e-01  8.38607447e-01  8.99545205e-01 
 8.48607447e-01  8.95929356e-01  8.48607447e-01  8.99086963e-01  8.48607447e-01  8.99612560e-01 
 8.58607447e-01  8.96119695e-01  8.58607447e-01  8.99122558e-01  8.58607447e-01  8.99676526e-01 
 8.68607447e-01  8.96325349e-01  8.68607447e-01  8.99157465e-01  8.68607447e-01  8.99738588e-01 
 8.78607447e-01  8.96545505e-01  8.78607447e-01  8.99191499e-01  8.78607447e-01  8.99797137e-01 
 8.88607447e-01  8.96779294e-01  8.88607447e-01  8.99224377e-01  8.88607447e-01  8.99851320e-01 
 8.98607447e-01  8.97025794e-01  8.98607447e-01  8.99256007e-01  8.98607447e-01  8.99902001e-01 
 9.08607447e-01  8.97284031e-01  9.08607447e-01  8.99286304e-01  9.08607447e-01  8.99949264e-01 
 9.18607447e-01  8.97552987e-01  9.18607447e-01  8.99315199e-01  9.18607447e-01  8.99992774e-01 
 9.28607447e-01  8.97831601e-01  9.28607447e-01  8.99342586e-01  9.28607447e-01  9.00030818e-01 
 9.38607447e-01  8.98118772e-01  9.38607447e-01  8.99368185e-01  9.38607447e-01  9.00064128e-01 
 9.48607447e-01  8.98413368e-01  9.48607447e-01  8.99391999e-01  9.48607447e-01  9.00093149e-01 
 9.58607447e-01  8.98714225e-01  9.58607447e-01  8.99414054e-01  9.58607447e-01  9.00117306e-01 
 9.68607447e-01  8.99020156e-01  9.68607447e-01  8.99434165e-01  9.68607447e-01  9.00137073e-01 
 9.78607447e-01  8.99329955e-01  9.78607447e-01  8.99452195e-01  9.78607447e-01  9.00151710e-01 
 9.88607447e-01  8.99642398e-01  9.88607447e-01  8.99468288e-01  9.88607447e-01  9.00162249e-01 
 9.98607447e-01  8.99956252e-01  9.98607447e-01  8.99482266e-01  9.98607447e-01  9.00167309e-01 
 1.00000000e+00  9.00000000e-01  1.00000000e+00  8.99484001e-01  1.00000000e+00  9.00167567e-01 
 1.00000100e+00  9.00000031e-01  1.00000100e+00  8.99502785e-01  1.00000100e+00  9.00256501e-01 
 1.00000300e+00  9.00000094e-01  1.00000300e+00  8.99517965e-01  1.00000300e+00  9.00328323e-01 
 1.00000700e+00  9.00000220e-01  1.00000700e+00  8.99536393e-01  1.00000700e+00  9.00415025e-01 
 1.00001000e+00  9.00000314e-01  1.00001000e+00  8.99549415e-01  1.00001000e+00  9.00476094e-01 
 1.00001058e+00  9.00000332e-01  1.00001058e+00  8.99549400e-01  1.00001058e+00  9.00475930e-01 
 1.00001175e+00  9.00000369e-01  1.00001175e+00  8.99549370e-01  1.00001175e+00  9.00475611e-01 
 1.00001408e+00  9.00000442e-01  1.00001408e+00  8.99549315e-01  1.00001408e+00  9.00475022e-01 
 1.00001875e+00  9.00000589e-01  1.00001875e+00  8.99549213e-01  1.00001875e+00  9.00474012e-01 
 1.00002808e+00  9.00000882e-01  1.00002808e+00  8.99549031e-01  1.00002808e+00  9.00472520e-01 
 1.00004674e+00  9.00001468e-01  1.00004674e+00  8.99548717e-01  1.00004674e+00  9.00470824e-01 
 1.00008406e+00  9.00002641e-01  1.00008406e+00  8.99548179e-01  1.00008406e+00  9.00469297e-01 
 1.00015870e+00  9.00004986e-01  1.00015870e+00  8.99547173e-01  1.00015870e+00  9.00467045e-01 
 1.00030799e+00  9.00009676e-01  1.00030799e+00  8.99545127e-01  1.00030799e+00  9.00461535e-01 
 1.00060656e+00  9.00019056e-01  1.00060656e+00  8.99541282e-01  1.00060656e+00  9.00453875e-01 
 1.00120371e+00  9.00037815e-01  1.00120371e+00  8.99536385e-01  1.00120371e+00  9.00475884e-01 
 1.00239801e+00  9.00075333e-01  1.00239801e+00  8.99537299e-01  1.00239801e+00  9.00663715e-01 
 1.00478660e+00  9.00150353e-01  1.00478660e+00  8.99558704e-01  1.00478660e+00  9.01302419e-01 
 1.00956377e+00  9.00300274e-01  1.00956377e+00  8.99614681e-01  1.00956377e+00  9.02755601e-01 
 1.01911813e+00  9.00599170e-01  1.01911813e+00  8.99725978e-01  1.01911813e+00  9.05642410e-01 
 1.02911813e+00  9.00909678e-01  1.02911813e+00  8.99841727e-01  1.02911813e+00  9.08634324e-01 
 1.03911813e+00  9.01216596e-01  1.03911813e+00  8.99956115e-01  1.03911813e+00  9.11578680e-01 
 1.04911813e+00  9.01518713e-01  1.04911813e+00  9.00068852e-01  1.04911813e+00  9.14460928e-01 
 1.05911813e+00  9.01814835e-01  1.05911813e+00  9.00179371e-01  1.05911813e+00  9.17266601e-01 
 1.06911813e+00  9.02103796e-01  1.06911813e+00  9.00287452e-01  1.06911813e+00  9.19984800e-01 
 1.07911813e+00  9.02384454e-01  1.07911813e+00  9.00392526e-01  1.07911813e+00  9.22599952e-01 
 1.08911813e+00  9.02655701e-01  1.08911813e+00  9.00494319e-01  1.08911813e+00  9.25098611e-01 
 1.09911813e+00  9.02916468e-01  1.09911813e+00  9.00592322e-01  1.09911813e+00  9.27466880e-01 
 1.10911813e+00  9.03165724e-01  1.10911813e+00  9.00686313e-01  1.10911813e+00  9.29698605e-01 
 1.11911813e+00  9.03402487e-01  1.11911813e+00  9.00776044e-01  1.11911813e+00  9.31784903e-01 
 1.12911813e+00  9.03625822e-01  1.12911813e+00  9.00861021e-01  1.12911813e+00  9.33712708e-01 
 1.13911813e+00  9.03834847e-01  1.13911813e+00  9.00940779e-01  1.13911813e+00  9.35471037e-01 
 1.14911813e+00  9.04028739e-01  1.14911813e+00  9.01015390e-01  1.14911813e+00  9.37056578e-01 
 1.15911813e+00  9.04206730e-01  1.15911813e+00  9.01084493e-01  1.15911813e+00  9.38461121e-01 
 1.16911813e+00  9.04368119e-01  1.16911813e+00  9.01147592e-01  1.16911813e+00  9.39675789e-01 
 1.17911813e+00  9.04512270e-01  1.17911813e+00  9.01204641e-01  1.17911813e+00  9.40697035e-01 
 1.18911813e+00  9.04638612e-01  1.18911813e+00  9.01255361e-01  1.18911813e+00  9.41519927e-01 
 1.19911813e+00  9.04746648e-01  1.19911813e+00  9.01299569e-01  1.19911813e+00  9.42141650e-01 
 1.20911813e+00  9.04835952e-01  1.20911813e+00  9.01337237e-01  1.20911813e+00  9.42559227e-01 
 1.21911813e+00  9.04906170e-01  1.21911813e+00  9.01368135e-01  1.21911813e+00  9.42768733e-01 
 1.22911813e+00  9.04957025e-01  1.22911813e+00  9.01392302e-01  1.22911813e+00  9.42772027e-01 
 1.23911813e+00  9.04988317e-01  1.23911813e+00  9.01409659e-01  1.23911813e+00  9.42569629e-01 
 1.24911813e+00  9.04999923e-01  1.24911813e+00  9.01420028e-01  1.24911813e+00  9.42161158e-01 
 1.25911813e+00  9.04991797e-01  1.25911813e+00  9.01423565e-01  1.25911813e+00  9.41548917e-01 
 1.26911813e+00  9.04963970e-01  1.26911813e+00  9.01420226e-01  1.26911813e+00  9.40736120e-01 
 1.27911813e+00  9.04916552e-01  1.27911813e+00  9.01410025e-01  1.27911813e+00  9.39726181e-01 
 1.28911813e+00  9.04849731e-01  1.28911813e+00  9.01393043e-01  1.28911813e+00  9.38522289e-01 
 1.29911813e+00  9.04763771e-01  1.29911813e+00  9.01369155e-01  1.29911813e+00  9.37128487e-01 
 1.30911813e+00  9.04659010e-01  1.30911813e+00  9.01338561e-01  1.30911813e+00  9.35550265e-01 
 1.31911813e+00  9.04535862e-01  1.31911813e+00  9.01301478e-01  1.31911813e+00  9.33794775e-01 
 1.32911813e+00  9.04394813e-01  1.32911813e+00  9.01258030e-01  1.32911813e+00  9.31869501e-01 
 1.33911813e+00  9.04236420e-01  1.33911813e+00  9.01208371e-01  1.33911813e+00  9.29782915e-01 
 1.34911813e+00  9.04061307e-01  1.34911813e+00  9.01152853e-01  1.34911813e+00  9.27545978e-01 
 1.35911813e+00  9.03870167e-01  1.35911813e+00  9.01091668e-01  1.35911813e+00  9.25163171e-01 
 1.36911813e+00  9.03663752e-01  1.36911813e+00  9.01024977e-01  1.36911813e+00  9.22641934e-01 
 1.37911813e+00  9.03442879e-01  1.37911813e+00  9.00953224e-01  1.37911813e+00  9.19997655e-01 
 1.38911813e+00  9.03208418e-01  1.38911813e+00  9.00876637e-01  1.38911813e+00  9.17239179e-01 
 1.39911813e+00  9.02961295e-01  1.39911813e+00  9.00795496e-01  1.39911813e+00  9.14375869e-01 
 1.40911813e+00  9.02702485e-01  1.40911813e+00  9.00710339e-01  1.40911813e+00  9.11424518e-01 
 1.41911813e+00  9.02433009e-01  1.41911813e+00  9.00621391e-01  1.41911813e+00  9.08395852e-01 
 1.42911813e+00  9.02153932e-01  1.42911813e+00  9.00528964e-01  1.42911813e+00  9.05300134e-01 
 1.43911813e+00  9.01866354e-01  1.43911813e+00  9.00433519e-01  1.43911813e+00  9.02149328e-01 
 1.44911813e+00  9.01571410e-01  1.44911813e+00  9.00335396e-01  1.44911813e+00  8.98956775e-01 
 1.45911813e+00  9.01270265e-01  1.45911813e+00  9.00235043e-01  1.45911813e+00  8.95737458e-01 
 1.46911813e+00  9.00964106e-01  1.46911813e+00  9.00132841e-01  1.46911813e+00  8.92503653e-01 
 1.47911813e+00  9.00654143e-01  1.47911813e+00  9.00029218e-01  1.47911813e+00  8.89269490e-01 
 1.48911813e+00  9.00341598e-01  1.48911813e+00  8.99924703e-01  1.48911813e+00  8.86048795e-01 
 1.49911813e+00  9.00027705e-01  1.49911813e+00  8.99819697e-01  1.49911813e+00  8.82854020e-01 
 1.50911813e+00  8.99713702e-01  1.50911813e+00  8.99714568e-01  1.50911813e+00  8.79701187e-01 
 1.51911813e+00  8.99400830e-01  1.51911813e+00  8.99609766e-01  1.51911813e+00  8.76603848e-01 
 1.52911813e+00  8.99090322e-01  1.52911813e+00  8.99505669e-01  1.52911813e+00  8.73572592e-01 
 1.53911813e+00  8.98783404e-01  1.53911813e+00  8.99402737e-01  1.53911813e+00  8.70623865e-01 
 1.54911813e+00  8.98481287e-01  1.54911813e+00  8.99301473e-01  1.54911813e+00  8.67773451e-01 
 1.55911813e+00  8.98185165e-01  1.55911813e+00  8.99202249e-01  1.55911813e+00  8.65030547e-01 
 1.56911813e+00  8.97896204e-01  1.56911813e+00  8.99105445e-01  1.56911813e+00  8.62406249e-01 
 1.57911813e+00  8.97615546e-01  1.57911813e+00  8.99011584e-01  1.57911813e+00  8.59913373e-01 
 1.58911813e+00  8.97344299e-01  1.58911813e+00  8.98920839e-01  1.58911813e+00  8.57561306e-01 
 1.59911813e+00  8.97083532e-01  1.59911813e+00  8.98833670e-01  1.59911813e+00  8.55363366e-01 
 1.60911813e+00  8.96834276e-01  1.60911813e+00  8.98750654e-01  1.60911813e+00  8.53332047e-01 
 1.61911813e+00  8.96597513e-01  1.61911813e+00  8.98671932e-01  1.61911813e+00  8.51471561e-01 
 1.62911813e+00  8.96374178e-01  1.62911813e+00  8.98597748e-01  1.62911813e+00  8.49790279e-01 
 1.63911813e+00  8.96165153e-01  1.63911813e+00  8.98528582e-01  1.63911813e+00  8.48299849e-01 
 1.64911813e+00  8.95971261e-01  1.64911813e+00  8.98464726e-01  1.64911813e+00  8.47005617e-01 
 1.65911813e+00  8.95793270e-01  1.65911813e+00  8.98406371e-01  1.65911813e+00  8.45910270e-01 
 1.66911813e+00  8.95631881e-01  1.66911813e+00  8.98353666e-01  1.66911813e+00  8.45016516e-01 
 1.67911813e+00  8.95487730e-01  1.67911813e+00  8.98306956e-01  1.67911813e+00  8.44332672e-01 
 1.68911813e+00  8.95361388e-01  1.68911813e+00  8.98266677e-01  1.68911813e+00  8.43864350e-01 
 1.69911813e+00  8.95253352e-01  1.69911813e+00  8.98232786e-01  1.69911813e+00  8.43608009e-01 
 1.70911813e+00  8.95164048e-01  1.70911813e+00  8.98205380e-01  1.70911813e+00  8.43563370e-01 
 1.71911813e+00  8.95093830e-01  1.71911813e+00  8.98184827e-01  1.71911813e+00  8.43733667e-01 
 1.72911813e+00  8.95042975e-01  1.72911813e+00  8.98171246e-01  1.72911813e+00  8.44118412e-01 
 1.73911813e+00  8.95011683e-01  1.73911813e+00  8.98164391e-01  1.73911813e+00  8.44710223e-01 
 1.74911813e+00  8.95000077e-01  1.74911813e+00  8.98164228e-01  1.74911813e+00  8.45505294e-01 
 1.75911813e+00  8.95008203e-01  1.75911813e+00  8.98171118e-01  1.75911813e+00  8.46504205e-01 
 1.76911813e+00  8.95036030e-01  1.76911813e+00  8.98185064e-01  1.76911813e+00  8.47701806e-01 
 1.77911813e+00  8.95083448e-01  1.77911813e+00  8.98206070e-01  1.77911813e+00  8.49093048e-01 
 1.78911813e+00  8.95150269e-01  1.78911813e+00  8.98234091e-01  1.78911813e+00  8.50671281e-01 
 1.79911813e+00  8.95236229e-01  1.79911813e+00  8.98268791e-01  1.79911813e+00  8.52427440e-01 
 1.80911813e+00  8.95340990e-01  1.80911813e+00  8.98310066e-01  1.80911813e+00  8.54355281e-01 
 1.81911813e+00  8.95464138e-01  1.81911813e+00  8.98357927e-01  1.81911813e+00  8.56447424e-01 
 1.82911813e+00  8.95605187e-01  1.82911813e+00  8.98412286e-01  1.82911813e+00  8.58696012e-01 
 1.83911813e+00  8.95763580e-01  1.83911813e+00  8.98472634e-01  1.83911813e+00  8.61090275e-01 
 1.84911813e+00  8.95938693e-01  1.84911813e+00  8.98538706e-01  1.84911813e+00  8.63620724e-01 
 1.85911813e+00  8.96129833e-01  1.85911813e+00  8.98610625e-01  1.85911813e+00  8.66281645e-01 
 1.86911813e+00  8.96336248e-01  1.86911813e+00  8.98688063e-01  1.86911813e+00  8.69062497e-01 
 1.87911813e+00  8.96557121e-01  1.87911813e+00  8.98770598e-01  1.87911813e+00  8.71950481e-01 
 1.88911813e+00  8.96791582e-01  1.88911813e+00  8.98858013e-01  1.88911813e+00  8.74934920e-01 
 1.89911813e+00  8.97038705e-01  1.89911813e+00  8.98949936e-01  1.89911813e+00  8.78005194e-01 
 1.90911813e+00  8.97297515e-01  1.90911813e+00  8.99045978e-01  1.90911813e+00  8.81153579e-01 
 1.91911813e+00  8.97566991e-01  1.91911813e+00  8.99145924e-01  1.91911813e+00  8.84369370e-01 
 1.92911813e+00  8.97846068e-01  1.92911813e+00  8.99249161e-01  1.92911813e+00  8.87636007e-01 
 1.93911813e+00  8.98133646e-01  1.93911813e+00  8.99355314e-01  1.93911813e+00  8.90943563e-01 
 1.94911813e+00  8.98428590e-01  1.94911813e+00  8.99464132e-01  1.94911813e+00  8.94281663e-01 
 1.95911813e+00  8.98729735e-01  1.95911813e+00  8.99575305e-01  1.95911813e+00  8.97639575e-01 
 1.96911813e+00  8.99035894e-01  1.96911813e+00  8.99688387e-01  1.96911813e+00  9.01003338e-01 
 1.97911813e+00  8.99345857e-01  1.97911813e+00  8.99802833e-01  1.97911813e+00  9.04359674e-01 
 1.98911813e+00  8.99658402e-01  1.98911813e+00  8.99918206e-01  1.98911813e+00  9.07694293e-01 
 1.99911813e+00  8.99972295e-01  1.99911813e+00  9.00034008e-01  1.99911813e+00  9.10993454e-01 
 2.00001000e+00  9.00000314e-01  2.00001000e+00  9.00044339e-01  2.00001000e+00  9.11285886e-01 
 2.00101000e+00  9.00031730e-01  2.00101000e+00  9.00055921e-01  2.00101000e+00  9.11613257e-01 
 2.00301000e+00  9.00094556e-01  2.00301000e+00  9.00079130e-01  2.00301000e+00  9.12266958e-01 
 2.00701000e+00  9.00220154e-01  2.00701000e+00  9.00125495e-01  2.00701000e+00  9.13567088e-01 
 2.01501000e+00  9.00470854e-01  2.01501000e+00  9.00217959e-01  2.01501000e+00  9.16141408e-01 
 2.02501000e+00  9.00782483e-01  2.02501000e+00  9.00333111e-01  2.02501000e+00  9.19304331e-01 
 2.03501000e+00  9.01091023e-01  2.03501000e+00  9.00447158e-01  2.03501000e+00  9.22388858e-01 
 2.04501000e+00  9.01395257e-01  2.04501000e+00  9.00559746e-01  2.04501000e+00  9.25386446e-01 
 2.05501000e+00  9.01693985e-01  2.05501000e+00  9.00670481e-01  2.05501000e+00  9.28287121e-01 
 2.06501000e+00  9.01986028e-01  2.06501000e+00  9.00778737e-01  2.06501000e+00  9.31076363e-01 
 2.07501000e+00  9.02270232e-01  2.07501000e+00  9.00884271e-01  2.07501000e+00  9.33745856e-01 
 2.08501000e+00  9.02545477e-01  2.08501000e+00  9.00986745e-01  2.08501000e+00  9.36284652e-01 
 2.09501000e+00  9.02810677e-01  2.09501000e+00  9.01085676e-01  2.09501000e+00  9.38683115e-01 
 2.10501000e+00  9.03064783e-01  2.10501000e+00  9.01180917e-01  2.10501000e+00  9.40930257e-01 
 2.11501000e+00  9.03306795e-01  2.11501000e+00  9.01271874e-01  2.11501000e+00  9.43016347e-01 
 2.12501000e+00  9.03535756e-01  2.12501000e+00  9.01358226e-01  2.12501000e+00  9.44935164e-01 
 2.13501000e+00  9.03750763e-01  2.13501000e+00  9.01439590e-01  2.13501000e+00  9.46674737e-01 
 2.14501000e+00  9.03950968e-01  2.14501000e+00  9.01515760e-01  2.14501000e+00  9.48230903e-01 
 2.15501000e+00  9.04135579e-01  2.15501000e+00  9.01586602e-01  2.15501000e+00  9.49599011e-01 
 2.16501000e+00  9.04303870e-01  2.16501000e+00  9.01651788e-01  2.16501000e+00  9.50772400e-01 
 2.17501000e+00  9.04455175e-01  2.17501000e+00  9.01711002e-01  2.17501000e+00  9.51746231e-01 
 2.18501000e+00  9.04588898e-01  2.18501000e+00  9.01764011e-01  2.18501000e+00  9.52515608e-01 
 2.19501000e+00  9.04704510e-01  2.19501000e+00  9.01810628e-01  2.19501000e+00  9.53077449e-01 
 2.20501000e+00  9.04801556e-01  2.20501000e+00  9.01850667e-01  2.20501000e+00  9.53429687e-01 
 2.21501000e+00  9.04879652e-01  2.21501000e+00  9.01884075e-01  2.21501000e+00  9.53571332e-01 
 2.22501000e+00  9.04938491e-01  2.22501000e+00  9.01910630e-01  2.22501000e+00  9.53501462e-01 
 2.23501000e+00  9.04977839e-01  2.23501000e+00  9.01930415e-01  2.23501000e+00  9.53222240e-01 
 2.24501000e+00  9.04997543e-01  2.24501000e+00  9.01943442e-01  2.24501000e+00  9.52735627e-01 
 2.25501000e+00  9.04997523e-01  2.25501000e+00  9.01949573e-01  2.25501000e+00  9.52043114e-01 
 2.26501000e+00  9.04977780e-01  2.26501000e+00  9.01948715e-01  2.26501000e+00  9.51145722e-01 
 2.27501000e+00  9.04938393e-01  2.27501000e+00  9.01940920e-01  2.27501000e+00  9.50048547e-01 
 2.28501000e+00  9.04879515e-01  2.28501000e+00  9.01926334e-01  2.28501000e+00  9.48756751e-01 
 2.29501000e+00  9.04801381e-01  2.29501000e+00  9.01904891e-01  2.29501000e+00  9.47272453e-01 
 2.30501000e+00  9.04704297e-01  2.30501000e+00  9.01876696e-01  2.30501000e+00  9.45602549e-01 
 2.31501000e+00  9.04588648e-01  2.31501000e+00  9.01841863e-01  2.31501000e+00  9.43754708e-01 
 2.32501000e+00  9.04454890e-01  2.32501000e+00  9.01800537e-01  2.32501000e+00  9.41735615e-01 
 2.33501000e+00  9.04303550e-01  2.33501000e+00  9.01753057e-01  2.33501000e+00  9.39553612e-01 
 2.34501000e+00  9.04135226e-01  2.34501000e+00  9.01699534e-01  2.34501000e+00  9.37215269e-01 
 2.35501000e+00  9.03950583e-01  2.35501000e+00  9.01640225e-01  2.35501000e+00  9.34731336e-01 
 2.36501000e+00  9.03750348e-01  2.36501000e+00  9.01575491e-01  2.36501000e+00  9.32112014e-01 
 2.37501000e+00  9.03535312e-01  2.37501000e+00  9.01505430e-01  2.37501000e+00  9.29365728e-01 
 2.38501000e+00  9.03306324e-01  2.38501000e+00  9.01430464e-01  2.38501000e+00  9.26503739e-01 
 2.39501000e+00  9.03064287e-01  2.39501000e+00  9.01350797e-01  2.39501000e+00  9.23534719e-01 
 2.40501000e+00  9.02810157e-01  2.40501000e+00  9.01266710e-01  2.40501000e+00  9.20475083e-01 
 2.41501000e+00  9.02544937e-01  2.41501000e+00  9.01178797e-01  2.41501000e+00  9.17336786e-01 
 2.42501000e+00  9.02269673e-01  2.42501000e+00  9.01087380e-01  2.42501000e+00  9.14126169e-01 
 2.43501000e+00  9.01985451e-01  2.43501000e+00  9.00992764e-01  2.43501000e+00  9.10858147e-01 
 2.44501000e+00  9.01693394e-01  2.44501000e+00  9.00895268e-01  2.44501000e+00  9.07546324e-01 
 2.45501000e+00  9.01394654e-01  2.45501000e+00  9.00795401e-01  2.45501000e+00  9.04203605e-01 
 2.46501000e+00  9.01090410e-01  2.46501000e+00  9.00693566e-01  2.46501000e+00  9.00844943e-01 
 2.47501000e+00  9.00781862e-01  2.47501000e+00  9.00590091e-01  2.47501000e+00  8.97482309e-01 
 2.48501000e+00  9.00470229e-01  2.48501000e+00  9.00485524e-01  2.48501000e+00  8.94128022e-01 
 2.49501000e+00  9.00156740e-01  2.49501000e+00  9.00380272e-01  2.49501000e+00  8.90794945e-01 
 2.50501000e+00  8.99842632e-01  2.50501000e+00  9.00274683e-01  2.50501000e+00  8.87496567e-01 
 2.51501000e+00  8.99529146e-01  2.51501000e+00  9.00169238e-01  2.51501000e+00  8.84247651e-01 
 2.52501000e+00  8.99217517e-01  2.52501000e+00  9.00064468e-01  2.52501000e+00  8.81065077e-01 
 2.53501000e+00  8.98908977e-01  2.53501000e+00  8.99960821e-01  2.53501000e+00  8.77960532e-01 
 2.54501000e+00  8.98604743e-01  2.54501000e+00  8.99858392e-01  2.54501000e+00  8.74940936e-01 
 2.55501000e+00  8.98306015e-01  2.55501000e+00  8.99757836e-01  2.55501000e+00  8.72023622e-01 
 2.56501000e+00  8.98013972e-01  2.56501000e+00  8.99659702e-01  2.56501000e+00  8.69222667e-01 
 2.57501000e+00  8.97729768e-01  2.57501000e+00  8.99564011e-01  2.57501000e+00  8.66547081e-01 
 2.58501000e+00  8.97454523e-01  2.58501000e+00  8.99471424e-01  2.58501000e+00  8.64010198e-01 
 2.59501000e+00  8.97189323e-01  2.59501000e+00  8.99382318e-01  2.59501000e+00  8.61622284e-01 
 2.60501000e+00  8.96935217e-01  2.60501000e+00  8.99297005e-01  2.60501000e+00  8.59393175e-01 
 2.61501000e+00  8.96693205e-01  2.61501000e+00  8.99215932e-01  2.61501000e+00  8.57331624e-01 
 2.62501000e+00  8.96464244e-01  2.62501000e+00  8.99139429e-01  2.62501000e+00  8.55447187e-01 
 2.63501000e+00  8.96249237e-01  2.63501000e+00  8.99067798e-01  2.63501000e+00  8.53750216e-01 
 2.64501000e+00  8.96049032e-01  2.64501000e+00  8.99001334e-01  2.64501000e+00  8.52247609e-01 
 2.65501000e+00  8.95864421e-01  2.65501000e+00  8.98940247e-01  2.65501000e+00  8.50942948e-01 
 2.66501000e+00  8.95696130e-01  2.66501000e+00  8.98884715e-01  2.66501000e+00  8.49840624e-01 
 2.67501000e+00  8.95544825e-01  2.67501000e+00  8.98835175e-01  2.67501000e+00  8.48947504e-01 
 2.68501000e+00  8.95411102e-01  2.68501000e+00  8.98791955e-01  2.68501000e+00  8.48268656e-01 
 2.69501000e+00  8.95295490e-01  2.69501000e+00  8.98755060e-01  2.69501000e+00  8.47803477e-01 
 2.70501000e+00  8.95198444e-01  2.70501000e+00  8.98724618e-01  2.70501000e+00  8.47552509e-01 
 2.71501000e+00  8.95120348e-01  2.71501000e+00  8.98700894e-01  2.71501000e+00  8.47517026e-01 
 2.72501000e+00  8.95061509e-01  2.72501000e+00  8.98683857e-01  2.72501000e+00  8.47695032e-01 
 2.73501000e+00  8.95022161e-01  2.73501000e+00  8.98673678e-01  2.73501000e+00  8.48087513e-01 
 2.74501000e+00  8.95002457e-01  2.74501000e+00  8.98670527e-01  2.74501000e+00  8.48690504e-01 
 2.75501000e+00  8.95002477e-01  2.75501000e+00  8.98674342e-01  2.75501000e+00  8.49498721e-01 
 2.76501000e+00  8.95022220e-01  2.76501000e+00  8.98685230e-01  2.76501000e+00  8.50511898e-01 
 2.77501000e+00  8.95061607e-01  2.77501000e+00  8.98702988e-01  2.77501000e+00  8.51722905e-01 
 2.78501000e+00  8.95120485e-01  2.78501000e+00  8.98727519e-01  2.78501000e+00  8.53125517e-01 
 2.79501000e+00  8.95198619e-01  2.79501000e+00  8.98758896e-01  2.79501000e+00  8.54713294e-01 
 2.80501000e+00  8.95295703e-01  2.80501000e+00  8.98796976e-01  2.80501000e+00  8.56476531e-01 
 2.81501000e+00  8.95411352e-01  2.81501000e+00  8.98841644e-01  2.81501000e+00  8.58410725e-01 
 2.82501000e+00  8.95545110e-01  2.82501000e+00  8.98892715e-01  2.82501000e+00  8.60508997e-01 
 2.83501000e+00  8.95696450e-01  2.83501000e+00  8.98950079e-01  2.83501000e+00  8.62762755e-01 
 2.84501000e+00  8.95864774e-01  2.84501000e+00  8.99013498e-01  2.84501000e+00  8.65162065e-01 
 2.85501000e+00  8.96049417e-01  2.85501000e+00  8.99082737e-01  2.85501000e+00  8.67696521e-01 
 2.86501000e+00  8.96249652e-01  2.86501000e+00  8.99157538e-01  2.86501000e+00  8.70356589e-01 
 2.87501000e+00  8.96464688e-01  2.87501000e+00  8.99237510e-01  2.87501000e+00  8.73132201e-01 
 2.88501000e+00  8.96693676e-01  2.88501000e+00  8.99322513e-01  2.88501000e+00  8.76014423e-01 
 2.89501000e+00  8.96935713e-01  2.89501000e+00  8.99412190e-01  2.89501000e+00  8.78991309e-01 
 2.90501000e+00  8.97189843e-01  2.90501000e+00  8.99505998e-01  2.90501000e+00  8.82050004e-01 
 2.91501000e+00  8.97455063e-01  2.91501000e+00  8.99603798e-01  2.91501000e+00  8.85182674e-01 
 2.92501000e+00  8.97730327e-01  2.92501000e+00  8.99705222e-01  2.92501000e+00  8.88377075e-01 
 2.93501000e+00  8.98014549e-01  2.93501000e+00  8.99809735e-01  2.93501000e+00  8.91618915e-01 
 2.94501000e+00  8.98306606e-01  2.94501000e+00  8.99916971e-01  2.94501000e+00  8.94897081e-01 
 2.95501000e+00  8.98605346e-01  2.95501000e+00  9.00026699e-01  2.95501000e+00  8.98200209e-01 
 2.96501000e+00  8.98909590e-01  2.96501000e+00  9.00138437e-01  2.96501000e+00  9.01516200e-01 
 2.97501000e+00  8.99218138e-01  2.97501000e+00  9.00251748e-01  2.97501000e+00  9.04832714e-01 
 2.98501000e+00  8.99529771e-01  2.98501000e+00  9.00366219e-01  2.98501000e+00  9.08135398e-01 
 2.99501000e+00  8.99843260e-01  2.99501000e+00  9.00481449e-01  2.99501000e+00  9.11413125e-01 
 3.00001000e+00  9.00000314e-01  3.00001000e+00  9.00539145e-01  3.00001000e+00  9.13039256e-01 
 3.00101000e+00  9.00031730e-01  3.00101000e+00  9.00550674e-01  3.00101000e+00  9.13363035e-01 
 3.00301000e+00  9.00094556e-01  3.00301000e+00  9.00573766e-01  3.00301000e+00  9.14009614e-01 
 3.00701000e+00  9.00220154e-01  3.00701000e+00  9.00619906e-01  3.00701000e+00  9.15295792e-01 
 3.01501000e+00  9.00470854e-01  3.01501000e+00  9.00711955e-01  3.01501000e+00  9.17840436e-01 
 3.02501000e+00  9.00782483e-01  3.02501000e+00  9.00826463e-01  3.02501000e+00  9.20965201e-01 
 3.03501000e+00  9.01091023e-01  3.03501000e+00  9.00939913e-01  3.03501000e+00  9.24016723e-01 
 3.04501000e+00  9.01395257e-01  3.04501000e+00  9.01051946e-01  3.04501000e+00  9.26983580e-01 
 3.05501000e+00  9.01693985e-01  3.05501000e+00  9.01162029e-01  3.05501000e+00  9.29851603e-01 
 3.06501000e+00  9.01986028e-01  3.06501000e+00  9.01269646e-01  3.06501000e+00  9.32608881e-01 
 3.07501000e+00  9.02270232e-01  3.07501000e+00  9.01374586e-01  3.07501000e+00  9.35249305e-01 
 3.08501000e+00  9.02545477e-01  3.08501000e+00  9.01476576e-01  3.08501000e+00  9.37761697e-01 
 3.09501000e+00  9.02810677e-01  3.09501000e+00  9.01575026e-01  3.09501000e+00  9.40132200e-01 
 3.10501000e+00  9.03064783e-01  3.10501000e+00  9.01669560e-01  3.10501000e+00  9.42350762e-01 
 3.11501000e+00  9.03306795e-01  3.11501000e+00  9.01759854e-01  3.11501000e+00  9.44410939e-01 
 3.12501000e+00  9.03535756e-01  3.12501000e+00  9.01845616e-01  3.12501000e+00  9.46305012e-01 
 3.13501000e+00  9.03750763e-01  3.13501000e+00  9.01926360e-01  3.13501000e+00  9.48019313e-01 
 3.14501000e+00  9.03950968e-01  3.14501000e+00  9.02001955e-01  3.14501000e+00  9.49549865e-01 
 3.15501000e+00  9.04135579e-01  3.15501000e+00  9.02072294e-01  3.15501000e+00  9.50893163e-01 
 3.16501000e+00  9.04303870e-01  3.16501000e+00  9.02136816e-01  3.16501000e+00  9.52039943e-01 
 3.17501000e+00  9.04455175e-01  3.17501000e+00  9.02195450e-01  3.17501000e+00  9.52987443e-01 
 3.18501000e+00  9.04588898e-01  3.18501000e+00  9.02248036e-01  3.18501000e+00  9.53731678e-01 
 3.19501000e+00  9.04704510e-01  3.19501000e+00  9.02294141e-01  3.19501000e+00  9.54269417e-01 
 3.20501000e+00  9.04801556e-01  3.20501000e+00  9.02333708e-01  3.20501000e+00  9.54600200e-01 
 3.21501000e+00  9.04879652e-01  3.21501000e+00  9.02366672e-01  3.21501000e+00  9.54720758e-01 
 3.22501000e+00  9.04938491e-01  3.22501000e+00  9.02392787e-01  3.22501000e+00  9.54629936e-01 
 3.23501000e+00  9.04977839e-01  3.23501000e+00  9.02412158e-01  3.23501000e+00  9.54330187e-01 
 3.24501000e+00  9.04997543e-01  3.24501000e+00  9.02424629e-01  3.24501000e+00  9.53822100e-01 
 3.25501000e+00  9.04997523e-01  3.25501000e+00  9.02430097e-01  3.25501000e+00  9.53107523e-01 
 3.26501000e+00  9.04977780e-01  3.26501000e+00  9.02428697e-01  3.26501000e+00  9.52190595e-01 
 3.27501000e+00  9.04938393e-01  3.27501000e+00  9.02420297e-01  3.27501000e+00  9.51072836e-01 
 3.28501000e+00  9.04879515e-01  3.28501000e+00  9.02404994e-01  3.28501000e+00  9.49757527e-01 
 3.29501000e+00  9.04801381e-01  3.29501000e+00  9.02382880e-01  3.29501000e+00  9.48251847e-01 
 3.30501000e+00  9.04704297e-01  3.30501000e+00  9.02354017e-01  3.30501000e+00  9.46561297e-01 
 3.31501000e+00  9.04588648e-01  3.31501000e+00  9.02318599e-01  3.31501000e+00  9.44694342e-01 
 3.32501000e+00  9.04454890e-01  3.32501000e+00  9.02276928e-01  3.32501000e+00  9.42658395e-01 
 3.33501000e+00  9.04303550e-01  3.33501000e+00  9.02228965e-01  3.33501000e+00  9.40457047e-01 
 3.34501000e+00  9.04135226e-01  3.34501000e+00  9.02174834e-01  3.34501000e+00  9.38099599e-01 
 3.35501000e+00  9.03950583e-01  3.35501000e+00  9.02114871e-01  3.35501000e+00  9.35597028e-01 
 3.36501000e+00  9.03750348e-01  3.36501000e+00  9.02049460e-01  3.36501000e+00  9.32961106e-01 
 3.37501000e+00  9.03535312e-01  3.37501000e+00  9.01978990e-01  3.37501000e+00  9.30200609e-01 
 3.38501000e+00  9.03306324e-01  3.38501000e+00  9.01903607e-01  3.38501000e+00  9.27325496e-01 
 3.39501000e+00  9.03064287e-01  3.39501000e+00  9.01823630e-01  3.39501000e+00  9.24347542e-01 
 3.40501000e+00  9.02810157e-01  3.40501000e+00  9.01739206e-01  3.40501000e+00  9.21274330e-01 
 3.41501000e+00  9.02544937e-01  3.41501000e+00  9.01650747e-01  3.41501000e+00  9.18119270e-01 
 3.42501000e+00  9.02269673e-01  3.42501000e+00  9.01558816e-01  3.42501000e+00  9.14895686e-01 
 3.43501000e+00  9.01985451e-01  3.43501000e+00  9.01463607e-01  3.43501000e+00  9.11614015e-01 
 3.44501000e+00  9.01693394e-01  3.44501000e+00  9.01365616e-01  3.44501000e+00  9.08288963e-01 
 3.45501000e+00  9.01394654e-01  3.45501000e+00  9.01265212e-01  3.45501000e+00  9.04932829e-01 
 3.46501000e+00  9.01090410e-01  3.46501000e+00  9.01162728e-01  3.46501000e+00  9.01557625e-01 
 3.47501000e+00  9.00781862e-01  3.47501000e+00  9.01058596e-01  3.47501000e+00  8.98176882e-01 
 3.48501000e+00  9.00470229e-01  3.48501000e+00  9.00953380e-01  3.48501000e+00  8.94806513e-01 
 3.49501000e+00  9.00156740e-01  3.49501000e+00  9.00847581e-01  3.49501000e+00  8.91462022e-01 
 3.50501000e+00  8.99842632e-01  3.50501000e+00  9.00741580e-01  3.50501000e+00  8.88155524e-01 
 3.51501000e+00  8.99529146e-01  3.51501000e+00  9.00635819e-01  3.51501000e+00  8.84899479e-01 
 3.52501000e+00  8.99217517e-01  3.52501000e+00  9.00530650e-01  3.52501000e+00  8.81705508e-01 
 3.53501000e+00  8.98908977e-01  3.53501000e+00  9.00426302e-01  3.53501000e+00  8.78583366e-01 
 3.54501000e+00  8.98604743e-01  3.54501000e+00  9.00323159e-01  3.54501000e+00  8.75548549e-01 
 3.55501000e+00  8.98306015e-01  3.55501000e+00  9.00222059e-01  3.55501000e+00  8.72618559e-01 
 3.56501000e+00  8.98013972e-01  3.56501000e+00  9.00123375e-01  3.56501000e+00  8.69804271e-01 
 3.57501000e+00  8.97729768e-01  3.57501000e+00  9.00027330e-01  3.57501000e+00  8.67116542e-01 
 3.58501000e+00  8.97454523e-01  3.58501000e+00  8.99934384e-01  3.58501000e+00  8.64568057e-01 
 3.59501000e+00  8.97189323e-01  3.59501000e+00  8.99844853e-01  3.59501000e+00  8.62169024e-01 
 3.60501000e+00  8.96935217e-01  3.60501000e+00  8.99759104e-01  3.60501000e+00  8.59926591e-01 
 3.61501000e+00  8.96693205e-01  3.61501000e+00  8.99677415e-01  3.61501000e+00  8.57851974e-01 
 3.62501000e+00  8.96464244e-01  3.62501000e+00  8.99600246e-01  3.62501000e+00  8.55957021e-01 
 3.63501000e+00  8.96249237e-01  3.63501000e+00  8.99527932e-01  3.63501000e+00  8.54247532e-01 
 3.64501000e+00  8.96049032e-01  3.64501000e+00  8.99460748e-01  3.64501000e+00  8.52730744e-01 
 3.65501000e+00  8.95864421e-01  3.65501000e+00  8.99399064e-01  3.65501000e+00  8.51413929e-01 
 3.66501000e+00  8.95696130e-01  3.66501000e+00  8.99343096e-01  3.66501000e+00  8.50301130e-01 
 3.67501000e+00  8.95544825e-01  3.67501000e+00  8.99293035e-01  3.67501000e+00  8.49396345e-01 
 3.68501000e+00  8.95411102e-01  3.68501000e+00  8.99249114e-01  3.68501000e+00  8.48702919e-01 
 3.69501000e+00  8.95295490e-01  3.69501000e+00  8.99211590e-01  3.69501000e+00  8.48224351e-01 
 3.70501000e+00  8.95198444e-01  3.70501000e+00  8.99180702e-01  3.70501000e+00  8.47962140e-01 
 3.71501000e+00  8.95120348e-01  3.71501000e+00  8.99156477e-01  3.71501000e+00  8.47915839e-01 
 3.72501000e+00  8.95061509e-01  3.72501000e+00  8.99139015e-01  3.72501000e+00  8.48084396e-01 
 3.73501000e+00  8.95022161e-01  3.73501000e+00  8.99128263e-01  3.73501000e+00  8.48464084e-01 
 3.74501000e+00  8.95002457e-01  3.74501000e+00  8.99124374e-01  3.74501000e+00  8.49053776e-01 
 3.75501000e+00  8.95002477e-01  3.75501000e+00  8.99127509e-01  3.75501000e+00  8.49852329e-01 
 3.76501000e+00  8.95022220e-01  3.76501000e+00  8.99137559e-01  3.76501000e+00  8.50853759e-01 
 3.77501000e+00  8.95061607e-01  3.77501000e+00  8.99154531e-01  3.77501000e+00  8.52051960e-01 
 3.78501000e+00  8.95120485e-01  3.78501000e+00  8.99178403e-01  3.78501000e+00  8.53442461e-01 
 3.79501000e+00  8.95198619e-01  3.79501000e+00  8.99209186e-01  3.79501000e+00  8.55020109e-01 
 3.80501000e+00  8.95295703e-01  3.80501000e+00  8.99246720e-01  3.80501000e+00  8.56777879e-01 
 3.81501000e+00  8.95411352e-01  3.81501000e+00  8.99290812e-01  3.81501000e+00  8.58707288e-01 
 3.82501000e+00  8.95545110e-01  3.82501000e+00  8.99341300e-01  3.82501000e+00  8.60798350e-01 
 3.83501000e+00  8.95696450e-01  3.83501000e+00  8.99397948e-01  3.83501000e+00  8.63041823e-01 
 3.84501000e+00  8.95864774e-01  3.84501000e+00  8.99460671e-01  3.84501000e+00  8.65433093e-01 
 3.85501000e+00  8.96049417e-01  3.85501000e+00  8.99529312e-01  3.85501000e+00  8.67963420e-01 
 3.86501000e+00  8.96249652e-01  3.86501000e+00  8.99603684e-01  3.86501000e+00  8.70620640e-01 
 3.87501000e+00  8.96464688e-01  3.87501000e+00  8.99683486e-01  3.87501000e+00  8.73394771e-01 
 3.88501000e+00  8.96693676e-01  3.88501000e+00  8.99767976e-01  3.88501000e+00  8.76272540e-01 
 3.89501000e+00  8.96935713e-01  3.89501000e+00  8.99857031e-01  3.89501000e+00  8.79243374e-01 
 3.90501000e+00  8.97189843e-01  3.90501000e+00  8.99950558e-01  3.90501000e+00  8.82298823e-01 
 3.91501000e+00  8.97455063e-01  3.91501000e+00  9.00047944e-01  3.91501000e+00  8.85427356e-01 
 3.92501000e+00  8.97730327e-01  3.92501000e+00  9.00148759e-01  3.92501000e+00  8.88615118e-01 
 3.93501000e+00  8.98014549e-01  3.93501000e+00  9.00252719e-01  3.93501000e+00  8.91852019e-01 
 3.94501000e+00  8.98306606e-01  3.94501000e+00  9.00359302e-01  3.94501000e+00  8.95125654e-01 
 3.95501000e+00  8.98605346e-01  3.95501000e+00  9.00468353e-01  3.95501000e+00  8.98424217e-01 
 3.96501000e+00  8.98909590e-01  3.96501000e+00  9.00579657e-01  3.96501000e+00  9.01735580e-01 
 3.97501000e+00  8.99218138e-01  3.97501000e+00  9.00692469e-01  3.97501000e+00  9.05047072e-01 
 3.98501000e+00  8.99529771e-01  3.98501000e+00  9.00806346e-01  3.98501000e+00  9.08347389e-01 
 3.99501000e+00  8.99843260e-01  3.99501000e+00  9.00921008e-01  3.99501000e+00  9.11623995e-01 
 4.00001000e+00  9.00000314e-01  4.00001000e+00  9.00978445e-01  4.00001000e+00  9.13248695e-01 
 4.00101000e+00  9.00031730e-01  4.00101000e+00  9.00989936e-01  4.00101000e+00  9.13571920e-01 
 4.00301000e+00  9.00094556e-01  4.00301000e+00  9.01012903e-01  4.00301000e+00  9.14217322e-01 
 4.00701000e+00  9.00220154e-01  4.00701000e+00  9.01058772e-01  4.00701000e+00  9.15501999e-01 
 4.01501000e+00  9.00470854e-01  4.01501000e+00  9.01150311e-01  4.01501000e+00  9.18043313e-01 
 4.02501000e+00  9.00782483e-01  4.02501000e+00  9.01264051e-01  4.02501000e+00  9.21161206e-01 
 4.03501000e+00  9.01091023e-01  4.03501000e+00  9.01376884e-01  4.03501000e+00  9.24207704e-01 
 4.04501000e+00  9.01395257e-01  4.04501000e+00  9.01488388e-01  4.04501000e+00  9.27170375e-01 
 4.05501000e+00  9.01693985e-01  4.05501000e+00  9.01597851e-01  4.05501000e+00  9.30034205e-01 
 4.06501000e+00  9.01986028e-01  4.06501000e+00  9.01704946e-01  4.06501000e+00  9.32787946e-01 
 4.07501000e+00  9.02270232e-01  4.07501000e+00  9.01809414e-01  4.07501000e+00  9.35425324e-01 
 4.08501000e+00  9.02545477e-01  4.08501000e+00  9.01910874e-01  4.08501000e+00  9.37936097e-01 
 4.09501000e+00  9.02810677e-01  4.09501000e+00  9.02008740e-01  4.09501000e+00  9.40305115e-01 
 4.10501000e+00  9.03064783e-01  4.10501000e+00  9.02102728e-01  4.10501000e+00  9.42523976e-01 
 4.11501000e+00  9.03306795e-01  4.11501000e+00  9.02192602e-01  4.11501000e+00  9.44583516e-01 
 4.12501000e+00  9.03535756e-01  4.12501000e+00  9.02277898e-01  4.12501000e+00  9.46474479e-01 
 4.13501000e+00  9.03750763e-01  4.13501000e+00  9.02358297e-01  4.13501000e+00  9.48188725e-01 
 4.14501000e+00  9.03950968e-01  4.14501000e+00  9.02433416e-01  4.14501000e+00  9.49717247e-01 
 4.15501000e+00  9.04135579e-01  4.15501000e+00  9.02503043e-01  4.15501000e+00  9.51056445e-01 
 4.16501000e+00  9.04303870e-01  4.16501000e+00  9.02567106e-01  4.16501000e+00  9.52202747e-01 
 4.17501000e+00  9.04455175e-01  4.17501000e+00  9.02625182e-01  4.17501000e+00  9.53151016e-01 
 4.18501000e+00  9.04588898e-01  4.18501000e+00  9.02677175e-01  4.18501000e+00  9.53898609e-01 
 4.19501000e+00  9.04704510e-01  4.19501000e+00  9.02722981e-01  4.19501000e+00  9.54441783e-01 
 4.20501000e+00  9.04801556e-01  4.20501000e+00  9.02762302e-01  4.20501000e+00  9.54775557e-01 
 4.21501000e+00  9.04879652e-01  4.21501000e+00  9.02794977e-01  4.21501000e+00  9.54897381e-01 
 4.22501000e+00  9.04938491e-01  4.22501000e+00  9.02820796e-01  4.22501000e+00  9.54809799e-01 
 4.23501000e+00  9.04977839e-01  4.23501000e+00  9.02839737e-01  4.23501000e+00  9.54513667e-01 
 4.24501000e+00  9.04997543e-01  4.24501000e+00  9.02851669e-01  4.24501000e+00  9.54006980e-01 
 4.25501000e+00  9.04997523e-01  4.25501000e+00  9.02856664e-01  4.25501000e+00  9.53291191e-01 
 4.26501000e+00  9.04977780e-01  4.26501000e+00  9.02854540e-01  4.26501000e+00  9.52370397e-01 
 4.27501000e+00  9.04938393e-01  4.27501000e+00  9.02845408e-01  4.27501000e+00  9.51251308e-01 
 4.28501000e+00  9.04879515e-01  4.28501000e+00  9.02829513e-01  4.28501000e+00  9.49937168e-01 
 4.29501000e+00  9.04801381e-01  4.29501000e+00  9.02806862e-01  4.29501000e+00  9.48432442e-01 
 4.30501000e+00  9.04704297e-01  4.30501000e+00  9.02777524e-01  4.30501000e+00  9.46742686e-01 
 4.31501000e+00  9.04588648e-01  4.31501000e+00  9.02741602e-01  4.31501000e+00  9.44875328e-01 
 4.32501000e+00  9.04454890e-01  4.32501000e+00  9.02699363e-01  4.32501000e+00  9.42837769e-01 
 4.33501000e+00  9.04303550e-01  4.33501000e+00  9.02650904e-01  4.33501000e+00  9.40637707e-01 
 4.34501000e+00  9.04135226e-01  4.34501000e+00  9.02596443e-01  4.34501000e+00  9.38284936e-01 
 4.35501000e+00  9.03950583e-01  4.35501000e+00  9.02536146e-01  4.35501000e+00  9.35785827e-01 
 4.36501000e+00  9.03750348e-01  4.36501000e+00  9.02470235e-01  4.36501000e+00  9.33149152e-01 
 4.37501000e+00  9.03535312e-01  4.37501000e+00  9.02398993e-01  4.37501000e+00  9.30385553e-01 
 4.38501000e+00  9.03306324e-01  4.38501000e+00  9.02322730e-01  4.38501000e+00  9.27506129e-01 
 4.39501000e+00  9.03064287e-01  4.39501000e+00  9.02241826e-01  4.39501000e+00  9.24522746e-01 
 4.40501000e+00  9.02810157e-01  4.40501000e+00  9.02156875e-01  4.40501000e+00  9.21446469e-01 
 4.41501000e+00  9.02544937e-01  4.41501000e+00  9.02067933e-01  4.41501000e+00  9.18286898e-01 
 4.42501000e+00  9.02269673e-01  4.42501000e+00  9.01975162e-01  4.42501000e+00  9.15056880e-01 
 4.43501000e+00  9.01985451e-01  4.43501000e+00  9.01879262e-01  4.43501000e+00  9.11771108e-01 
 4.44501000e+00  9.01693394e-01  4.44501000e+00  9.01780719e-01  4.44501000e+00  9.08444657e-01 
 4.45501000e+00  9.01394654e-01  4.45501000e+00  9.01679796e-01  4.45501000e+00  9.05087030e-01 
 4.46501000e+00  9.01090410e-01  4.46501000e+00  9.01576759e-01  4.46501000e+00  9.01708754e-01 
 4.47501000e+00  9.00781862e-01  4.47501000e+00  9.01472148e-01  4.47501000e+00  8.98327114e-01 
 4.48501000e+00  9.00470229e-01  4.48501000e+00  9.01366490e-01  4.48501000e+00  8.94956140e-01 
 4.49501000e+00  9.00156740e-01  4.49501000e+00  9.01260176e-01  4.49501000e+00  8.91609538e-01 
 4.50501000e+00  8.99842632e-01  4.50501000e+00  9.01153632e-01  4.50501000e+00  8.88302461e-01 
 4.51501000e+00  8.99529146e-01  4.51501000e+00  9.01047310e-01  4.51501000e+00  8.85045983e-01 
 4.52501000e+00  8.99217517e-01  4.52501000e+00  9.00941535e-01  4.52501000e+00  8.81849784e-01 
 4.53501000e+00  8.98908977e-01  4.53501000e+00  9.00836668e-01  4.53501000e+00  8.78727087e-01 
 4.54501000e+00  8.98604743e-01  4.54501000e+00  9.00733327e-01  4.54501000e+00  8.75693249e-01 
 4.55501000e+00  8.98306015e-01  4.55501000e+00  9.00631898e-01  4.55501000e+00  8.72760295e-01 
 4.56501000e+00  8.98013972e-01  4.56501000e+00  9.00532668e-01  4.56501000e+00  8.69942536e-01 
 4.57501000e+00  8.97729768e-01  4.57501000e+00  9.00436079e-01  4.57501000e+00  8.67252395e-01 
 4.58501000e+00  8.97454523e-01  4.58501000e+00  9.00342443e-01  4.58501000e+00  8.64697746e-01 
 4.59501000e+00  8.97189323e-01  4.59501000e+00  9.00252284e-01  4.59501000e+00  8.62292242e-01 
 4.60501000e+00  8.96935217e-01  4.60501000e+00  9.00166031e-01  4.60501000e+00  8.60047609e-01 
 4.61501000e+00  8.96693205e-01  4.61501000e+00  9.00083992e-01  4.61501000e+00  8.57971946e-01 
 4.62501000e+00  8.96464244e-01  4.62501000e+00  9.00006505e-01  4.62501000e+00  8.56074669e-01 
 4.63501000e+00  8.96249237e-01  4.63501000e+00  8.99933769e-01  4.63501000e+00  8.54363427e-01 
 4.64501000e+00  8.96049032e-01  4.64501000e+00  8.99866085e-01  4.64501000e+00  8.52844299e-01 
 4.65501000e+00  8.95864421e-01  4.65501000e+00  8.99803914e-01  4.65501000e+00  8.51524697e-01 
 4.66501000e+00  8.95696130e-01  4.66501000e+00  8.99747578e-01  4.66501000e+00  8.50409640e-01 
 4.67501000e+00  8.95544825e-01  4.67501000e+00  8.99697081e-01  4.67501000e+00  8.49503047e-01 
 4.68501000e+00  8.95411102e-01  4.68501000e+00  8.99652786e-01  4.68501000e+00  8.48810133e-01 
 4.69501000e+00  8.95295490e-01  4.69501000e+00  8.99614884e-01  4.69501000e+00  8.48330470e-01 
 4.70501000e+00  8.95198444e-01  4.70501000e+00  8.99583369e-01  4.70501000e+00  8.48064410e-01 
 4.71501000e+00  8.95120348e-01  4.71501000e+00  8.99558464e-01  4.71501000e+00  8.48014445e-01 
 4.72501000e+00  8.95061509e-01  4.72501000e+00  8.99540313e-01  4.72501000e+00  8.48178075e-01 
 4.73501000e+00  8.95022161e-01  4.73501000e+00  8.99528909e-01  4.73501000e+00  8.48555528e-01 
 4.74501000e+00  8.95002457e-01  4.74501000e+00  8.99524558e-01  4.74501000e+00  8.49148202e-01 
 4.75501000e+00  8.95002477e-01  4.75501000e+00  8.99527353e-01  4.75501000e+00  8.49948326e-01 
 4.76501000e+00  8.95022220e-01  4.76501000e+00  8.99537108e-01  4.76501000e+00  8.50949792e-01 
 4.77501000e+00  8.95061607e-01  4.77501000e+00  8.99553792e-01  4.77501000e+00  8.52149484e-01 
 4.78501000e+00  8.95120485e-01  4.78501000e+00  8.99577251e-01  4.78501000e+00  8.53542491e-01 
 4.79501000e+00  8.95198619e-01  4.79501000e+00  8.99607628e-01  4.79501000e+00  8.55124613e-01 
 4.80501000e+00  8.95295703e-01  4.80501000e+00  8.99644732e-01  4.80501000e+00  8.56882294e-01 
 4.81501000e+00  8.95411352e-01  4.81501000e+00  8.99688292e-01  4.81501000e+00  8.58806522e-01 
 4.82501000e+00  8.95545110e-01  4.82501000e+00  8.99738259e-01  4.82501000e+00  8.60896433e-01 
 4.83501000e+00  8.95696450e-01  4.83501000e+00  8.99794505e-01  4.83501000e+00  8.63140756e-01 
 4.84501000e+00  8.95864774e-01  4.84501000e+00  8.99856860e-01  4.84501000e+00  8.65531022e-01 
 4.85501000e+00  8.96049417e-01  4.85501000e+00  8.99925072e-01  4.85501000e+00  8.68058778e-01 
 4.86501000e+00  8.96249652e-01  4.86501000e+00  8.99998768e-01  4.86501000e+00  8.70709760e-01 
 4.87501000e+00  8.96464688e-01  4.87501000e+00  9.00077752e-01  4.87501000e+00  8.73478165e-01 
 4.88501000e+00  8.96693676e-01  4.88501000e+00  9.00161800e-01  4.88501000e+00  8.76354759e-01 
 4.89501000e+00  8.96935713e-01  4.89501000e+00  9.00250446e-01  4.89501000e+00  8.79325145e-01 
 4.90501000e+00  8.97189843e-01  4.90501000e+00  9.00343386e-01  4.90501000e+00  8.82379411e-01 
 4.91501000e+00  8.97455063e-01  4.91501000e+00  9.00440282e-01  4.91501000e+00  8.85507281e-01 
 4.92501000e+00  8.97730327e-01  4.92501000e+00  9.00540637e-01  4.92501000e+00  8.88694855e-01 
 4.93501000e+00  8.98014549e-01  4.93501000e+00  9.00644235e-01  4.93501000e+00  8.91930244e-01 
 4.94501000e+00  8.98306606e-01  4.94501000e+00  9.00750622e-01  4.94501000e+00  8.95201543e-01 
 4.95501000e+00  8.98605346e-01  4.95501000e+00  9.00859371e-01  4.95501000e+00  8.98498595e-01 
 4.96501000e+00  8.98909590e-01  4.96501000e+00  9.00970073e-01  4.96501000e+00  9.01809248e-01 
 4.97501000e+00  8.99218138e-01  4.97501000e+00  9.01082309e-01  4.97501000e+00  9.05119210e-01 
 4.98501000e+00  8.99529771e-01  4.98501000e+00  9.01195539e-01  4.98501000e+00  9.08415766e-01 
 4.99501000e+00  8.99843260e-01  4.99501000e+00  9.01309591e-01  4.99501000e+00  9.11688725e-01 
 4.99563375e+00  8.99862847e-01  4.99563375e+00  9.01316723e-01  4.99563375e+00  9.11891748e-01 
 4.99688125e+00  8.99902028e-01  4.99688125e+00  9.01330983e-01  4.99688125e+00  9.12297451e-01 
 4.99937625e+00  8.99980404e-01  4.99937625e+00  9.01359519e-01  4.99937625e+00  9.13106768e-01 
 4.99945422e+00  8.99982854e-01  4.99945422e+00  9.01360410e-01  4.99945422e+00  9.13132022e-01 
 4.99961016e+00  8.99987753e-01  4.99961016e+00  9.01362192e-01  4.99961016e+00  9.13182511e-01 
 4.99992203e+00  8.99997551e-01  4.99992203e+00  9.01365755e-01  4.99992203e+00  9.13283429e-01 
 5.00000000e+00  9.00000000e-01  5.00000000e+00  9.01308038e-01  5.00000000e+00  9.12938615e-01 
