 1.00000000e+00  1.96448811e+01  1.00000000e+00 -3.26583947e-02 
 1.25892541e+00  1.96448817e+01  1.25892541e+00 -4.11144857e-02 
 1.58489319e+00  1.96448827e+01  1.58489319e+00 -5.17600762e-02 
 1.99526231e+00  1.96448843e+01  1.99526231e+00 -6.51620860e-02 
 2.51188643e+00  1.96448868e+01  2.51188643e+00 -8.20342273e-02 
 3.16227766e+00  1.96448907e+01  3.16227766e+00 -1.03275016e-01 
 3.98107171e+00  1.96448970e+01  3.98107171e+00 -1.30015627e-01 
 5.01187234e+00  1.96449069e+01  5.01187234e+00 -1.63680147e-01 
 6.30957344e+00  1.96449226e+01  6.30957344e+00 -2.06061435e-01 
 7.94328235e+00  1.96449475e+01  7.94328235e+00 -2.59416652e-01 
 1.00000000e+01  1.96449870e+01  1.00000000e+01 -3.26587564e-01 
 1.25892541e+01  1.96450495e+01  1.25892541e+01 -4.11152074e-01 
 1.58489319e+01  1.96451486e+01  1.58489319e+01 -5.17615161e-01 
 1.99526231e+01  1.96453058e+01  1.99526231e+01 -6.51649589e-01 
 2.51188643e+01  1.96455548e+01  2.51188643e+01 -8.20399597e-01 
 3.16227766e+01  1.96459494e+01  3.16227766e+01 -1.03286454e+00 
 3.98107171e+01  1.96465748e+01  3.98107171e+01 -1.30038451e+00 
 5.01187234e+01  1.96475660e+01  5.01187234e+01 -1.63725690e+00 
 6.30957344e+01  1.96491368e+01  6.30957344e+01 -2.06152320e+00 
 7.94328235e+01  1.96516259e+01  7.94328235e+01 -2.59598037e+00 
 1.00000000e+02  1.96555700e+01  1.00000000e+02 -3.26949617e+00 
 1.25892541e+02  1.96618184e+01  1.25892541e+02 -4.11874917e+00 
 1.58489319e+02  1.96717152e+01  1.58489319e+02 -5.19058855e+00 
 1.99526231e+02  1.96873846e+01  1.99526231e+02 -6.54534663e+00 
 2.51188643e+02  1.97121777e+01  2.51188643e+02 -8.26170378e+00 
 3.16227766e+02  1.97513637e+01  3.16227766e+02 -1.04442394e+01 
 3.98107171e+02  1.98131789e+01  3.98107171e+02 -1.32359110e+01 
 5.01187234e+02  1.99103436e+01  5.01187234e+02 -1.68400935e+01 
 6.30957344e+02  2.00620010e+01  6.30957344e+02 -2.15621667e+01 
 7.94328235e+02  2.02951446e+01  7.94328235e+02 -2.78930206e+01 
 1.00000000e+03  2.06406186e+01  1.00000000e+03 -3.66847282e+01 
 1.25892541e+03  2.11013077e+01  1.25892541e+03 -4.95132439e+01 
 1.58489319e+03  2.15028795e+01  1.58489319e+03 -6.91910534e+01 
 1.99526231e+03  2.10585093e+01  1.99526231e+03 -9.85499496e+01 
 2.51188643e+03  1.84947330e+01  2.51188643e+03 -1.32766754e+02 
 3.16227766e+03  1.41131777e+01  3.16227766e+03 -1.61053005e+02 
 3.98107171e+03  9.12762174e+00  3.98107171e+03  1.78025833e+02 
 5.01187234e+03  4.00044167e+00  5.01187234e+03  1.61271329e+02 
 6.30957344e+03 -1.25705985e+00  6.30957344e+03  1.46485637e+02 
 7.94328235e+03 -6.74383323e+00  7.94328235e+03  1.32681709e+02 
 1.00000000e+04 -1.25687691e+01  1.00000000e+04  1.19624264e+02 
 1.25892541e+04 -1.88078880e+01  1.25892541e+04  1.07574064e+02 
 1.58489319e+04 -2.54372926e+01  1.58489319e+04  9.69521441e+01 
 1.99526231e+04 -3.22197916e+01  1.99526231e+04  8.72207379e+01 
 2.51188643e+04 -3.86113311e+01  2.51188643e+04  7.42766890e+01 
 3.16227766e+04 -4.36074732e+01  3.16227766e+04  4.99756614e+01 
 3.98107171e+04 -4.57525379e+01  3.98107171e+04  1.56400310e+01 
 5.01187234e+04 -4.58275208e+01  5.01187234e+04 -1.41339096e+01 
 6.30957344e+04 -4.58388793e+01  6.30957344e+04 -3.68587625e+01 
 7.94328235e+04 -4.64888119e+01  7.94328235e+04 -5.57585593e+01 
 1.00000000e+05 -4.78465965e+01  1.00000000e+05 -7.23514826e+01 
 1.25892541e+05 -4.98308435e+01  1.25892541e+05 -8.69009573e+01 
 1.58489319e+05 -5.23152315e+01  1.58489319e+05 -9.92812381e+01 
 1.99526231e+05 -5.51619643e+01  1.99526231e+05 -1.09454306e+02 
 2.51188643e+05 -5.82541910e+01  2.51188643e+05 -1.17642475e+02 
 3.16227766e+05 -6.15180053e+01  3.16227766e+05 -1.24292331e+02 
 3.98107171e+05 -6.49263195e+01  3.98107171e+05 -1.30047020e+02 
 5.01187234e+05 -6.85019082e+01  5.01187234e+05 -1.35900664e+02 
 6.30957344e+05 -7.23239289e+01  6.30957344e+05 -1.43674377e+02 
 7.94328235e+05 -7.64491274e+01  7.94328235e+05 -1.57346279e+02 
 1.00000000e+06 -8.01581557e+01  1.00000000e+06  1.74968987e+02 
