-1.00000000e-02  8.90000000e-01 -1.00000000e-02  6.24320847e-02 
-9.90000000e-03  8.90100000e-01 -9.90000000e-03  6.27498449e-02 
-9.80000000e-03  8.90200000e-01 -9.80000000e-03  6.30757403e-02 
-9.70000000e-03  8.90300000e-01 -9.70000000e-03  6.34038306e-02 
-9.60000000e-03  8.90400000e-01 -9.60000000e-03  6.37362402e-02 
-9.50000000e-03  8.90500000e-01 -9.50000000e-03  6.40730866e-02 
-9.40000000e-03  8.90600000e-01 -9.40000000e-03  6.44144902e-02 
-9.30000000e-03  8.90700000e-01 -9.30000000e-03  6.47605773e-02 
-9.20000000e-03  8.90800000e-01 -9.20000000e-03  6.51114792e-02 
-9.10000000e-03  8.90900000e-01 -9.10000000e-03  6.54673336e-02 
-9.00000000e-03  8.91000000e-01 -9.00000000e-03  6.58282842e-02 
-8.90000000e-03  8.91100000e-01 -8.90000000e-03  6.61944813e-02 
-8.80000000e-03  8.91200000e-01 -8.80000000e-03  6.65660827e-02 
-8.70000000e-03  8.91300000e-01 -8.70000000e-03  6.69432533e-02 
-8.60000000e-03  8.91400000e-01 -8.60000000e-03  6.73261663e-02 
-8.50000000e-03  8.91500000e-01 -8.50000000e-03  6.77150035e-02 
-8.40000000e-03  8.91600000e-01 -8.40000000e-03  6.81099560e-02 
-8.30000000e-03  8.91700000e-01 -8.30000000e-03  6.85112245e-02 
-8.20000000e-03  8.91800000e-01 -8.20000000e-03  6.89190208e-02 
-8.10000000e-03  8.91900000e-01 -8.10000000e-03  6.93335675e-02 
-8.00000000e-03  8.92000000e-01 -8.00000000e-03  6.97550998e-02 
-7.90000000e-03  8.92100000e-01 -7.90000000e-03  7.01838660e-02 
-7.80000000e-03  8.92200000e-01 -7.80000000e-03  7.06201284e-02 
-7.70000000e-03  8.92300000e-01 -7.70000000e-03  7.10641650e-02 
-7.60000000e-03  8.92400000e-01 -7.60000000e-03  7.15162700e-02 
-7.50000000e-03  8.92500000e-01 -7.50000000e-03  7.19767558e-02 
-7.40000000e-03  8.92600000e-01 -7.40000000e-03  7.24459541e-02 
-7.30000000e-03  8.92700000e-01 -7.30000000e-03  7.29242180e-02 
-7.20000000e-03  8.92800000e-01 -7.20000000e-03  7.34119237e-02 
-7.10000000e-03  8.92900000e-01 -7.10000000e-03  7.39094722e-02 
-7.00000000e-03  8.93000000e-01 -7.00000000e-03  7.44172926e-02 
-6.90000000e-03  8.93100000e-01 -6.90000000e-03  7.49358437e-02 
-6.80000000e-03  8.93200000e-01 -6.80000000e-03  7.54656177e-02 
-6.70000000e-03  8.93300000e-01 -6.70000000e-03  7.60071434e-02 
-6.60000000e-03  8.93400000e-01 -6.60000000e-03  7.65609895e-02 
-6.50000000e-03  8.93500000e-01 -6.50000000e-03  7.71277697e-02 
-6.40000000e-03  8.93600000e-01 -6.40000000e-03  7.77081467e-02 
-6.30000000e-03  8.93700000e-01 -6.30000000e-03  7.83028385e-02 
-6.20000000e-03  8.93800000e-01 -6.20000000e-03  7.89126243e-02 
-6.10000000e-03  8.93900000e-01 -6.10000000e-03  7.95383518e-02 
-6.00000000e-03  8.94000000e-01 -6.00000000e-03  8.01809461e-02 
-5.90000000e-03  8.94100000e-01 -5.90000000e-03  8.08414186e-02 
-5.80000000e-03  8.94200000e-01 -5.80000000e-03  8.15208794e-02 
-5.70000000e-03  8.94300000e-01 -5.70000000e-03  8.22205497e-02 
-5.60000000e-03  8.94400000e-01 -5.60000000e-03  8.29417776e-02 
-5.50000000e-03  8.94500000e-01 -5.50000000e-03  8.36860569e-02 
-5.40000000e-03  8.94600000e-01 -5.40000000e-03  8.44550483e-02 
-5.30000000e-03  8.94700000e-01 -5.30000000e-03  8.52506056e-02 
-5.20000000e-03  8.94800000e-01 -5.20000000e-03  8.60748072e-02 
-5.10000000e-03  8.94900000e-01 -5.10000000e-03  8.69299934e-02 
-5.00000000e-03  8.95000000e-01 -5.00000000e-03  8.78188126e-02 
-4.90000000e-03  8.95100000e-01 -4.90000000e-03  8.87442776e-02 
-4.80000000e-03  8.95200000e-01 -4.80000000e-03  8.97098348e-02 
-4.70000000e-03  8.95300000e-01 -4.70000000e-03  9.07194517e-02 
-4.60000000e-03  8.95400000e-01 -4.60000000e-03  9.17777251e-02 
-4.50000000e-03  8.95500000e-01 -4.50000000e-03  9.28900208e-02 
-4.40000000e-03  8.95600000e-01 -4.40000000e-03  9.40626513e-02 
-4.30000000e-03  8.95700000e-01 -4.30000000e-03  9.53031077e-02 
-4.20000000e-03  8.95800000e-01 -4.20000000e-03  9.66203660e-02 
-4.10000000e-03  8.95900000e-01 -4.10000000e-03  9.80252950e-02 
-4.00000000e-03  8.96000000e-01 -4.00000000e-03  9.95312113e-02 
-3.90000000e-03  8.96100000e-01 -3.90000000e-03  1.01154646e-01 
-3.80000000e-03  8.96200000e-01 -3.80000000e-03  1.02916422e-01 
-3.70000000e-03  8.96300000e-01 -3.70000000e-03  1.04843209e-01 
-3.60000000e-03  8.96400000e-01 -3.60000000e-03  1.06969807e-01 
-3.50000000e-03  8.96500000e-01 -3.50000000e-03  1.09342601e-01 
-3.40000000e-03  8.96600000e-01 -3.40000000e-03  1.12024934e-01 
-3.30000000e-03  8.96700000e-01 -3.30000000e-03  1.15105731e-01 
-3.20000000e-03  8.96800000e-01 -3.20000000e-03  1.18713815e-01 
-3.10000000e-03  8.96900000e-01 -3.10000000e-03  1.23042475e-01 
-3.00000000e-03  8.97000000e-01 -3.00000000e-03  1.28392835e-01 
-2.90000000e-03  8.97100000e-01 -2.90000000e-03  1.35251089e-01 
-2.80000000e-03  8.97200000e-01 -2.80000000e-03  1.44419214e-01 
-2.70000000e-03  8.97300000e-01 -2.70000000e-03  1.57351421e-01 
-2.60000000e-03  8.97400000e-01 -2.60000000e-03  1.75552473e-01 
-2.50000000e-03  8.97500000e-01 -2.50000000e-03  2.00205277e-01 
-2.40000000e-03  8.97600000e-01 -2.40000000e-03  2.31319407e-01 
-2.30000000e-03  8.97700000e-01 -2.30000000e-03  2.66828205e-01 
-2.20000000e-03  8.97800000e-01 -2.20000000e-03  3.05103629e-01 
-2.10000000e-03  8.97900000e-01 -2.10000000e-03  3.45207348e-01 
-2.00000000e-03  8.98000000e-01 -2.00000000e-03  3.86628747e-01 
-1.90000000e-03  8.98100000e-01 -1.90000000e-03  4.29097655e-01 
-1.80000000e-03  8.98200000e-01 -1.80000000e-03  4.72468507e-01 
-1.70000000e-03  8.98300000e-01 -1.70000000e-03  5.16660324e-01 
-1.60000000e-03  8.98400000e-01 -1.60000000e-03  5.61626695e-01 
-1.50000000e-03  8.98500000e-01 -1.50000000e-03  6.07340371e-01 
-1.40000000e-03  8.98600000e-01 -1.40000000e-03  6.53784969e-01 
-1.30000000e-03  8.98700000e-01 -1.30000000e-03  7.00950239e-01 
-1.20000000e-03  8.98800000e-01 -1.20000000e-03  7.48829141e-01 
-1.10000000e-03  8.98900000e-01 -1.10000000e-03  7.97415841e-01 
-1.00000000e-03  8.99000000e-01 -1.00000000e-03  8.46704103e-01 
-9.00000000e-04  8.99100000e-01 -9.00000000e-04  8.96685730e-01 
-8.00000000e-04  8.99200000e-01 -8.00000000e-04  9.47348734e-01 
-7.00000000e-04  8.99300000e-01 -7.00000000e-04  9.98674855e-01 
-6.00000000e-04  8.99400000e-01 -6.00000000e-04  1.05063582e+00 
-5.00000000e-04  8.99500000e-01 -5.00000000e-04  1.10318735e+00 
-4.00000000e-04  8.99600000e-01 -4.00000000e-04  1.15625910e+00 
-3.00000000e-04  8.99700000e-01 -3.00000000e-04  1.20973723e+00 
-2.00000000e-04  8.99800000e-01 -2.00000000e-04  1.26343322e+00 
-1.00000000e-04  8.99900000e-01 -1.00000000e-04  1.31702734e+00 
-5.47522097e-18  9.00000000e-01 -5.47522097e-18  1.36996646e+00 
 1.00000000e-04  9.00100000e-01  1.00000000e-04  1.42129363e+00 
 2.00000000e-04  9.00200000e-01  2.00000000e-04  1.46943879e+00 
 3.00000000e-04  9.00300000e-01  3.00000000e-04  1.51223355e+00 
 4.00000000e-04  9.00400000e-01  4.00000000e-04  1.54766251e+00 
 5.00000000e-04  9.00500000e-01  5.00000000e-04  1.57502826e+00 
 6.00000000e-04  9.00600000e-01  6.00000000e-04  1.59522950e+00 
 7.00000000e-04  9.00700000e-01  7.00000000e-04  1.61008422e+00 
 8.00000000e-04  9.00800000e-01  8.00000000e-04  1.62137311e+00 
 9.00000000e-04  9.00900000e-01  9.00000000e-04  1.63028834e+00 
 1.00000000e-03  9.01000000e-01  1.00000000e-03  1.63752944e+00 
 1.10000000e-03  9.01100000e-01  1.10000000e-03  1.64354773e+00 
 1.20000000e-03  9.01200000e-01  1.20000000e-03  1.64865403e+00 
 1.30000000e-03  9.01300000e-01  1.30000000e-03  1.65306411e+00 
 1.40000000e-03  9.01400000e-01  1.40000000e-03  1.65693040e+00 
 1.50000000e-03  9.01500000e-01  1.50000000e-03  1.66036328e+00 
 1.60000000e-03  9.01600000e-01  1.60000000e-03  1.66344455e+00 
 1.70000000e-03  9.01700000e-01  1.70000000e-03  1.66623607e+00 
 1.80000000e-03  9.01800000e-01  1.80000000e-03  1.66878545e+00 
 1.90000000e-03  9.01900000e-01  1.90000000e-03  1.67113001e+00 
 2.00000000e-03  9.02000000e-01  2.00000000e-03  1.67329938e+00 
 2.10000000e-03  9.02100000e-01  2.10000000e-03  1.67531746e+00 
 2.20000000e-03  9.02200000e-01  2.20000000e-03  1.67720373e+00 
 2.30000000e-03  9.02300000e-01  2.30000000e-03  1.67897425e+00 
 2.40000000e-03  9.02400000e-01  2.40000000e-03  1.68064241e+00 
 2.50000000e-03  9.02500000e-01  2.50000000e-03  1.68221945e+00 
 2.60000000e-03  9.02600000e-01  2.60000000e-03  1.68371491e+00 
 2.70000000e-03  9.02700000e-01  2.70000000e-03  1.68513694e+00 
 2.80000000e-03  9.02800000e-01  2.80000000e-03  1.68649253e+00 
 2.90000000e-03  9.02900000e-01  2.90000000e-03  1.68778775e+00 
 3.00000000e-03  9.03000000e-01  3.00000000e-03  1.68902789e+00 
 3.10000000e-03  9.03100000e-01  3.10000000e-03  1.69021756e+00 
 3.20000000e-03  9.03200000e-01  3.20000000e-03  1.69136085e+00 
 3.30000000e-03  9.03300000e-01  3.30000000e-03  1.69246136e+00 
 3.40000000e-03  9.03400000e-01  3.40000000e-03  1.69352227e+00 
 3.50000000e-03  9.03500000e-01  3.50000000e-03  1.69454646e+00 
 3.60000000e-03  9.03600000e-01  3.60000000e-03  1.69553648e+00 
 3.70000000e-03  9.03700000e-01  3.70000000e-03  1.69649462e+00 
 3.80000000e-03  9.03800000e-01  3.80000000e-03  1.69742297e+00 
 3.90000000e-03  9.03900000e-01  3.90000000e-03  1.69832339e+00 
 4.00000000e-03  9.04000000e-01  4.00000000e-03  1.69919760e+00 
 4.10000000e-03  9.04100000e-01  4.10000000e-03  1.70004715e+00 
 4.20000000e-03  9.04200000e-01  4.20000000e-03  1.70087345e+00 
 4.30000000e-03  9.04300000e-01  4.30000000e-03  1.70167780e+00 
 4.40000000e-03  9.04400000e-01  4.40000000e-03  1.70246139e+00 
 4.50000000e-03  9.04500000e-01  4.50000000e-03  1.70322531e+00 
 4.60000000e-03  9.04600000e-01  4.60000000e-03  1.70397059e+00 
 4.70000000e-03  9.04700000e-01  4.70000000e-03  1.70469814e+00 
 4.80000000e-03  9.04800000e-01  4.80000000e-03  1.70540883e+00 
 4.90000000e-03  9.04900000e-01  4.90000000e-03  1.70610346e+00 
 5.00000000e-03  9.05000000e-01  5.00000000e-03  1.70678278e+00 
 5.10000000e-03  9.05100000e-01  5.10000000e-03  1.70744748e+00 
 5.20000000e-03  9.05200000e-01  5.20000000e-03  1.70809820e+00 
 5.30000000e-03  9.05300000e-01  5.30000000e-03  1.70873555e+00 
 5.40000000e-03  9.05400000e-01  5.40000000e-03  1.70936009e+00 
 5.50000000e-03  9.05500000e-01  5.50000000e-03  1.70997234e+00 
 5.60000000e-03  9.05600000e-01  5.60000000e-03  1.71057281e+00 
 5.70000000e-03  9.05700000e-01  5.70000000e-03  1.71116196e+00 
 5.80000000e-03  9.05800000e-01  5.80000000e-03  1.71174022e+00 
 5.90000000e-03  9.05900000e-01  5.90000000e-03  1.71230801e+00 
 6.00000000e-03  9.06000000e-01  6.00000000e-03  1.71286572e+00 
 6.10000000e-03  9.06100000e-01  6.10000000e-03  1.71341371e+00 
 6.20000000e-03  9.06200000e-01  6.20000000e-03  1.71395234e+00 
 6.30000000e-03  9.06300000e-01  6.30000000e-03  1.71448192e+00 
 6.40000000e-03  9.06400000e-01  6.40000000e-03  1.71500277e+00 
 6.50000000e-03  9.06500000e-01  6.50000000e-03  1.71551518e+00 
 6.60000000e-03  9.06600000e-01  6.60000000e-03  1.71601943e+00 
 6.70000000e-03  9.06700000e-01  6.70000000e-03  1.71651579e+00 
 6.80000000e-03  9.06800000e-01  6.80000000e-03  1.71700451e+00 
 6.90000000e-03  9.06900000e-01  6.90000000e-03  1.71748583e+00 
 7.00000000e-03  9.07000000e-01  7.00000000e-03  1.71795998e+00 
 7.10000000e-03  9.07100000e-01  7.10000000e-03  1.71842717e+00 
 7.20000000e-03  9.07200000e-01  7.20000000e-03  1.71888761e+00 
 7.30000000e-03  9.07300000e-01  7.30000000e-03  1.71934151e+00 
 7.40000000e-03  9.07400000e-01  7.40000000e-03  1.71978904e+00 
 7.50000000e-03  9.07500000e-01  7.50000000e-03  1.72023040e+00 
 7.60000000e-03  9.07600000e-01  7.60000000e-03  1.72066575e+00 
 7.70000000e-03  9.07700000e-01  7.70000000e-03  1.72109526e+00 
 7.80000000e-03  9.07800000e-01  7.80000000e-03  1.72151909e+00 
 7.90000000e-03  9.07900000e-01  7.90000000e-03  1.72193739e+00 
 8.00000000e-03  9.08000000e-01  8.00000000e-03  1.72235030e+00 
 8.10000000e-03  9.08100000e-01  8.10000000e-03  1.72275797e+00 
 8.20000000e-03  9.08200000e-01  8.20000000e-03  1.72316054e+00 
 8.30000000e-03  9.08300000e-01  8.30000000e-03  1.72355812e+00 
 8.40000000e-03  9.08400000e-01  8.40000000e-03  1.72395085e+00 
 8.50000000e-03  9.08500000e-01  8.50000000e-03  1.72433884e+00 
 8.60000000e-03  9.08600000e-01  8.60000000e-03  1.72472221e+00 
 8.70000000e-03  9.08700000e-01  8.70000000e-03  1.72510107e+00 
 8.80000000e-03  9.08800000e-01  8.80000000e-03  1.72547552e+00 
 8.90000000e-03  9.08900000e-01  8.90000000e-03  1.72584568e+00 
 9.00000000e-03  9.09000000e-01  9.00000000e-03  1.72621163e+00 
 9.10000000e-03  9.09100000e-01  9.10000000e-03  1.72657347e+00 
 9.20000000e-03  9.09200000e-01  9.20000000e-03  1.72693130e+00 
 9.30000000e-03  9.09300000e-01  9.30000000e-03  1.72728521e+00 
 9.40000000e-03  9.09400000e-01  9.40000000e-03  1.72763527e+00 
 9.50000000e-03  9.09500000e-01  9.50000000e-03  1.72798158e+00 
 9.60000000e-03  9.09600000e-01  9.60000000e-03  1.72832422e+00 
 9.70000000e-03  9.09700000e-01  9.70000000e-03  1.72866326e+00 
 9.80000000e-03  9.09800000e-01  9.80000000e-03  1.72899877e+00 
 9.90000000e-03  9.09900000e-01  9.90000000e-03  1.72933083e+00 
 1.00000000e-02  9.10000000e-01  1.00000000e-02  1.72965952e+00 
