-1.00000000e-01  7.99999348e-01 -1.00000000e-01  4.54487873e-01 
-9.90000000e-02  8.00999348e-01 -9.90000000e-02  4.54487880e-01 
-9.80000000e-02  8.01999348e-01 -9.80000000e-02  4.54487888e-01 
-9.70000000e-02  8.02999347e-01 -9.70000000e-02  4.54487895e-01 
-9.60000000e-02  8.03999347e-01 -9.60000000e-02  4.54487903e-01 
-9.50000000e-02  8.04999346e-01 -9.50000000e-02  4.54487912e-01 
-9.40000000e-02  8.05999346e-01 -9.40000000e-02  4.54487920e-01 
-9.30000000e-02  8.06999346e-01 -9.30000000e-02  4.54487929e-01 
-9.20000000e-02  8.07999345e-01 -9.20000000e-02  4.54487938e-01 
-9.10000000e-02  8.08999345e-01 -9.10000000e-02  4.54487948e-01 
-9.00000000e-02  8.09999344e-01 -9.00000000e-02  4.54487958e-01 
-8.90000000e-02  8.10999344e-01 -8.90000000e-02  4.54487969e-01 
-8.80000000e-02  8.11999343e-01 -8.80000000e-02  4.54487980e-01 
-8.70000000e-02  8.12999343e-01 -8.70000000e-02  4.54487991e-01 
-8.60000000e-02  8.13999342e-01 -8.60000000e-02  4.54488003e-01 
-8.50000000e-02  8.14999342e-01 -8.50000000e-02  4.54488016e-01 
-8.40000000e-02  8.15999341e-01 -8.40000000e-02  4.54488029e-01 
-8.30000000e-02  8.16999341e-01 -8.30000000e-02  4.54488043e-01 
-8.20000000e-02  8.17999340e-01 -8.20000000e-02  4.54488058e-01 
-8.10000000e-02  8.18999340e-01 -8.10000000e-02  4.54488073e-01 
-8.00000000e-02  8.19999339e-01 -8.00000000e-02  4.54488089e-01 
-7.90000000e-02  8.20999339e-01 -7.90000000e-02  4.54488106e-01 
-7.80000000e-02  8.21999338e-01 -7.80000000e-02  4.54488124e-01 
-7.70000000e-02  8.22999338e-01 -7.70000000e-02  4.54488143e-01 
-7.60000000e-02  8.23999337e-01 -7.60000000e-02  4.54488164e-01 
-7.50000000e-02  8.24999337e-01 -7.50000000e-02  4.54488185e-01 
-7.40000000e-02  8.25999336e-01 -7.40000000e-02  4.54488208e-01 
-7.30000000e-02  8.26999335e-01 -7.30000000e-02  4.54488232e-01 
-7.20000000e-02  8.27999335e-01 -7.20000000e-02  4.54488258e-01 
-7.10000000e-02  8.28999334e-01 -7.10000000e-02  4.54488286e-01 
-7.00000000e-02  8.29999334e-01 -7.00000000e-02  4.54488316e-01 
-6.90000000e-02  8.30999333e-01 -6.90000000e-02  4.54488349e-01 
-6.80000000e-02  8.31999333e-01 -6.80000000e-02  4.54488383e-01 
-6.70000000e-02  8.32999332e-01 -6.70000000e-02  4.54488421e-01 
-6.60000000e-02  8.33999331e-01 -6.60000000e-02  4.54488462e-01 
-6.50000000e-02  8.34999331e-01 -6.50000000e-02  4.54488507e-01 
-6.40000000e-02  8.35999330e-01 -6.40000000e-02  4.54488557e-01 
-6.30000000e-02  8.36999330e-01 -6.30000000e-02  4.54488611e-01 
-6.20000000e-02  8.37999329e-01 -6.20000000e-02  4.54488672e-01 
-6.10000000e-02  8.38999328e-01 -6.10000000e-02  4.54488739e-01 
-6.00000000e-02  8.39999328e-01 -6.00000000e-02  4.54488815e-01 
-5.90000000e-02  8.40999327e-01 -5.90000000e-02  4.54488901e-01 
-5.80000000e-02  8.41999326e-01 -5.80000000e-02  4.54489000e-01 
-5.70000000e-02  8.42999326e-01 -5.70000000e-02  4.54489114e-01 
-5.60000000e-02  8.43999325e-01 -5.60000000e-02  4.54489249e-01 
-5.50000000e-02  8.44999325e-01 -5.50000000e-02  4.54489410e-01 
-5.40000000e-02  8.45999324e-01 -5.40000000e-02  4.54489606e-01 
-5.30000000e-02  8.46999323e-01 -5.30000000e-02  4.54489854e-01 
-5.20000000e-02  8.47999323e-01 -5.20000000e-02  4.54490176e-01 
-5.10000000e-02  8.48999322e-01 -5.10000000e-02  4.54490619e-01 
-5.00000000e-02  8.49999321e-01 -5.00000000e-02  4.54491279e-01 
-4.90000000e-02  8.50999321e-01 -4.90000000e-02  4.54492450e-01 
-4.80000000e-02  8.51999320e-01 -4.80000000e-02  4.54495415e-01 
-4.70000000e-02  8.52999319e-01 -4.70000000e-02  4.54603038e-01 
-4.60000000e-02  8.53999331e-01 -4.60000000e-02  4.62489246e-01 
-4.50000000e-02  8.54999349e-01 -4.50000000e-02  4.72161129e-01 
-4.40000000e-02  8.55999367e-01 -4.40000000e-02  4.81857340e-01 
-4.30000000e-02  8.56999384e-01 -4.30000000e-02  4.91565761e-01 
-4.20000000e-02  8.57999401e-01 -4.20000000e-02  5.01282702e-01 
-4.10000000e-02  8.58999417e-01 -4.10000000e-02  5.11005734e-01 
-4.00000000e-02  8.59999433e-01 -4.00000000e-02  5.20733428e-01 
-3.90000000e-02  8.60999448e-01 -3.90000000e-02  5.30464825e-01 
-3.80000000e-02  8.61999463e-01 -3.80000000e-02  5.40199246e-01 
-3.70000000e-02  8.62999477e-01 -3.70000000e-02  5.49936194e-01 
-3.60000000e-02  8.63999491e-01 -3.60000000e-02  5.59675287e-01 
-3.50000000e-02  8.64999505e-01 -3.50000000e-02  5.69416229e-01 
-3.40000000e-02  8.65999517e-01 -3.40000000e-02  5.79158780e-01 
-3.30000000e-02  8.66999530e-01 -3.30000000e-02  5.88902746e-01 
-3.20000000e-02  8.67999542e-01 -3.20000000e-02  5.98647963e-01 
-3.10000000e-02  8.68999553e-01 -3.10000000e-02  6.08394291e-01 
-3.00000000e-02  8.69999564e-01 -3.00000000e-02  6.18141607e-01 
-2.90000000e-02  8.70999575e-01 -2.90000000e-02  6.27889795e-01 
-2.80000000e-02  8.71999585e-01 -2.80000000e-02  6.37638748e-01 
-2.70000000e-02  8.72999595e-01 -2.70000000e-02  6.47388364e-01 
-2.60000000e-02  8.73999605e-01 -2.60000000e-02  6.57138551e-01 
-2.50000000e-02  8.74999614e-01 -2.50000000e-02  6.66889221e-01 
-2.40000000e-02  8.75999623e-01 -2.40000000e-02  6.76640292e-01 
-2.30000000e-02  8.76999631e-01 -2.30000000e-02  6.86391680e-01 
-2.20000000e-02  8.77999639e-01 -2.20000000e-02  6.96143299e-01 
-2.10000000e-02  8.78999647e-01 -2.10000000e-02  7.05895061e-01 
-2.00000000e-02  8.79999654e-01 -2.00000000e-02  7.15646866e-01 
-1.90000000e-02  8.80999661e-01 -1.90000000e-02  7.25398608e-01 
-1.80000000e-02  8.81999668e-01 -1.80000000e-02  7.35150171e-01 
-1.70000000e-02  8.82999674e-01 -1.70000000e-02  7.44901420e-01 
-1.60000000e-02  8.83999680e-01 -1.60000000e-02  7.54652207e-01 
-1.50000000e-02  8.84999686e-01 -1.50000000e-02  7.64402358e-01 
-1.40000000e-02  8.85999692e-01 -1.40000000e-02  7.74151672e-01 
-1.30000000e-02  8.86999697e-01 -1.30000000e-02  7.83899911e-01 
-1.20000000e-02  8.87999702e-01 -1.20000000e-02  7.93646785e-01 
-1.10000000e-02  8.88999707e-01 -1.10000000e-02  8.03391937e-01 
-1.00000000e-02  8.89999711e-01 -1.00000000e-02  8.13134902e-01 
-9.00000000e-03  8.90999715e-01 -9.00000000e-03  8.22875051e-01 
-8.00000000e-03  8.91999719e-01 -8.00000000e-03  8.32611442e-01 
-7.00000000e-03  8.92999723e-01 -7.00000000e-03  8.42342475e-01 
-6.00000000e-03  8.93999727e-01 -6.00000000e-03  8.52064786e-01 
-5.00000000e-03  8.94999730e-01 -5.00000000e-03  8.61769033e-01 
-4.00000000e-03  8.95999733e-01 -4.00000000e-03  8.71420307e-01 
-3.00000000e-03  8.96999736e-01 -3.00000000e-03  8.80874776e-01 
-2.00000000e-03  8.97999737e-01 -2.00000000e-03  8.89235158e-01 
-1.00000000e-03  8.98999729e-01 -1.00000000e-03  8.97926448e-01 
 7.63278329e-17  8.99999719e-01  7.63278329e-17  9.07429896e-01 
 1.00000000e-03  9.00999709e-01  1.00000000e-03  9.17076674e-01 
 2.00000000e-03  9.01999699e-01  2.00000000e-03  9.26748324e-01 
 3.00000000e-03  9.02999688e-01  3.00000000e-03  9.36450230e-01 
 4.00000000e-03  9.03999677e-01  4.00000000e-03  9.46164733e-01 
 5.00000000e-03  9.04999665e-01  5.00000000e-03  9.55888878e-01 
 6.00000000e-03  9.05999652e-01  6.00000000e-03  9.65620388e-01 
 7.00000000e-03  9.06999639e-01  7.00000000e-03  9.75357911e-01 
 8.00000000e-03  9.07999626e-01  8.00000000e-03  9.85100485e-01 
 9.00000000e-03  9.08999612e-01  9.00000000e-03  9.94847383e-01 
 1.00000000e-02  9.09999597e-01  1.00000000e-02  1.00459803e+00 
 1.10000000e-02  9.10999582e-01  1.10000000e-02  1.01435197e+00 
 1.20000000e-02  9.11999566e-01  1.20000000e-02  1.02410881e+00 
 1.30000000e-02  9.12999550e-01  1.30000000e-02  1.03386823e+00 
 1.40000000e-02  9.13999532e-01  1.40000000e-02  1.04362992e+00 
 1.50000000e-02  9.14999515e-01  1.50000000e-02  1.05339364e+00 
 1.60000000e-02  9.15999496e-01  1.60000000e-02  1.06315914e+00 
 1.70000000e-02  9.16999477e-01  1.70000000e-02  1.07292622e+00 
 1.80000000e-02  9.17999457e-01  1.80000000e-02  1.08269464e+00 
 1.90000000e-02  9.18999436e-01  1.90000000e-02  1.09246422e+00 
 2.00000000e-02  9.19999415e-01  2.00000000e-02  1.10223473e+00 
 2.10000000e-02  9.20999392e-01  2.10000000e-02  1.11200595e+00 
 2.20000000e-02  9.21999369e-01  2.20000000e-02  1.12177767e+00 
 2.30000000e-02  9.22999346e-01  2.30000000e-02  1.13154964e+00 
 2.40000000e-02  9.23999321e-01  2.40000000e-02  1.14132160e+00 
 2.50000000e-02  9.24999296e-01  2.50000000e-02  1.15109326e+00 
 2.60000000e-02  9.25999270e-01  2.60000000e-02  1.16086430e+00 
 2.70000000e-02  9.26999242e-01  2.70000000e-02  1.17063433e+00 
 2.80000000e-02  9.27999215e-01  2.80000000e-02  1.18040293e+00 
 2.90000000e-02  9.28999186e-01  2.90000000e-02  1.19016958e+00 
 3.00000000e-02  9.29999156e-01  3.00000000e-02  1.19993366e+00 
 3.10000000e-02  9.30999126e-01  3.10000000e-02  1.20969442e+00 
 3.20000000e-02  9.31999095e-01  3.20000000e-02  1.21945093e+00 
 3.30000000e-02  9.32999063e-01  3.30000000e-02  1.22920201e+00 
 3.40000000e-02  9.33999030e-01  3.40000000e-02  1.23894616e+00 
 3.50000000e-02  9.34998996e-01  3.50000000e-02  1.24868143e+00 
 3.60000000e-02  9.35998961e-01  3.60000000e-02  1.25840519e+00 
 3.70000000e-02  9.36998925e-01  3.70000000e-02  1.26811380e+00 
 3.80000000e-02  9.37998889e-01  3.80000000e-02  1.27780191e+00 
 3.90000000e-02  9.38998852e-01  3.90000000e-02  1.28746067e+00 
 4.00000000e-02  9.39998816e-01  4.00000000e-02  1.29678821e+00 
 4.10000000e-02  9.40998814e-01  4.10000000e-02  1.29798447e+00 
 4.20000000e-02  9.41998814e-01  4.20000000e-02  1.29801439e+00 
 4.30000000e-02  9.42998814e-01  4.30000000e-02  1.29802371e+00 
 4.40000000e-02  9.43998814e-01  4.40000000e-02  1.29802846e+00 
 4.50000000e-02  9.44998814e-01  4.50000000e-02  1.29803145e+00 
 4.60000000e-02  9.45998814e-01  4.60000000e-02  1.29803345e+00 
 4.70000000e-02  9.46998814e-01  4.70000000e-02  1.29803493e+00 
 4.80000000e-02  9.47998814e-01  4.80000000e-02  1.29803607e+00 
 4.90000000e-02  9.48998814e-01  4.90000000e-02  1.29803699e+00 
 5.00000000e-02  9.49998814e-01  5.00000000e-02  1.29803773e+00 
 5.10000000e-02  9.50998814e-01  5.10000000e-02  1.29803836e+00 
 5.20000000e-02  9.51998814e-01  5.20000000e-02  1.29803889e+00 
 5.30000000e-02  9.52998814e-01  5.30000000e-02  1.29803934e+00 
 5.40000000e-02  9.53998814e-01  5.40000000e-02  1.29803974e+00 
 5.50000000e-02  9.54998814e-01  5.50000000e-02  1.29804009e+00 
 5.60000000e-02  9.55998814e-01  5.60000000e-02  1.29804039e+00 
 5.70000000e-02  9.56998814e-01  5.70000000e-02  1.29804067e+00 
 5.80000000e-02  9.57998814e-01  5.80000000e-02  1.29804091e+00 
 5.90000000e-02  9.58998814e-01  5.90000000e-02  1.29804113e+00 
 6.00000000e-02  9.59998814e-01  6.00000000e-02  1.29804134e+00 
 6.10000000e-02  9.60998814e-01  6.10000000e-02  1.29804152e+00 
 6.20000000e-02  9.61998814e-01  6.20000000e-02  1.29804169e+00 
 6.30000000e-02  9.62998814e-01  6.30000000e-02  1.29804184e+00 
 6.40000000e-02  9.63998814e-01  6.40000000e-02  1.29804198e+00 
 6.50000000e-02  9.64998814e-01  6.50000000e-02  1.29804212e+00 
 6.60000000e-02  9.65998814e-01  6.60000000e-02  1.29804224e+00 
 6.70000000e-02  9.66998814e-01  6.70000000e-02  1.29804235e+00 
 6.80000000e-02  9.67998814e-01  6.80000000e-02  1.29804246e+00 
 6.90000000e-02  9.68998814e-01  6.90000000e-02  1.29804256e+00 
 7.00000000e-02  9.69998814e-01  7.00000000e-02  1.29804265e+00 
 7.10000000e-02  9.70998814e-01  7.10000000e-02  1.29804274e+00 
 7.20000000e-02  9.71998814e-01  7.20000000e-02  1.29804282e+00 
 7.30000000e-02  9.72998814e-01  7.30000000e-02  1.29804290e+00 
 7.40000000e-02  9.73998814e-01  7.40000000e-02  1.29804297e+00 
 7.50000000e-02  9.74998814e-01  7.50000000e-02  1.29804304e+00 
 7.60000000e-02  9.75998814e-01  7.60000000e-02  1.29804310e+00 
 7.70000000e-02  9.76998814e-01  7.70000000e-02  1.29804316e+00 
 7.80000000e-02  9.77998814e-01  7.80000000e-02  1.29804322e+00 
 7.90000000e-02  9.78998814e-01  7.90000000e-02  1.29804328e+00 
 8.00000000e-02  9.79998813e-01  8.00000000e-02  1.29804333e+00 
 8.10000000e-02  9.80998813e-01  8.10000000e-02  1.29804338e+00 
 8.20000000e-02  9.81998813e-01  8.20000000e-02  1.29804343e+00 
 8.30000000e-02  9.82998813e-01  8.30000000e-02  1.29804348e+00 
 8.40000000e-02  9.83998813e-01  8.40000000e-02  1.29804352e+00 
 8.50000000e-02  9.84998813e-01  8.50000000e-02  1.29804356e+00 
 8.60000000e-02  9.85998813e-01  8.60000000e-02  1.29804360e+00 
 8.70000000e-02  9.86998813e-01  8.70000000e-02  1.29804364e+00 
 8.80000000e-02  9.87998813e-01  8.80000000e-02  1.29804368e+00 
 8.90000000e-02  9.88998812e-01  8.90000000e-02  1.29804371e+00 
 9.00000000e-02  9.89998812e-01  9.00000000e-02  1.29804374e+00 
 9.10000000e-02  9.90998812e-01  9.10000000e-02  1.29804378e+00 
 9.20000000e-02  9.91998812e-01  9.20000000e-02  1.29804381e+00 
 9.30000000e-02  9.92998812e-01  9.30000000e-02  1.29804384e+00 
 9.40000000e-02  9.93998812e-01  9.40000000e-02  1.29804387e+00 
 9.50000000e-02  9.94998812e-01  9.50000000e-02  1.29804389e+00 
 9.60000000e-02  9.95998811e-01  9.60000000e-02  1.29804392e+00 
 9.70000000e-02  9.96998811e-01  9.70000000e-02  1.29804395e+00 
 9.80000000e-02  9.97998811e-01  9.80000000e-02  1.29804397e+00 
 9.90000000e-02  9.98998811e-01  9.90000000e-02  1.29804400e+00 
 1.00000000e-01  9.99998811e-01  1.00000000e-01  1.29804402e+00 
