 1.00000000e+00  9.99999956e-01  1.78846296e-10  1.00000000e+00  9.78239361e+00  9.72840830e-05 
 1.25892541e+00  9.99999956e-01  2.25154146e-10  1.25892541e+00  9.78239361e+00  1.22473404e-04 
 1.58489319e+00  9.99999956e-01  2.83452276e-10  1.58489319e+00  9.78239361e+00  1.54184881e-04 
 1.99526231e+00  9.99999956e-01  3.56845273e-10  1.99526231e+00  9.78239361e+00  1.94107265e-04 
 2.51188643e+00  9.99999956e-01  4.49241581e-10  2.51188643e+00  9.78239361e+00  2.44366569e-04 
 3.16227766e+00  9.99999956e-01  5.65561641e-10  3.16227766e+00  9.78239361e+00  3.07639284e-04 
 3.98107171e+00  9.99999956e-01  7.11999918e-10  3.98107171e+00  9.78239361e+00  3.87294913e-04 
 5.01187234e+00  9.99999956e-01  8.96354782e-10  5.01187234e+00  9.78239362e+00  4.87575410e-04 
 6.30957344e+00  9.99999956e-01  1.12844380e-09  6.30957344e+00  9.78239363e+00  6.13821078e-04 
 7.94328235e+00  9.99999956e-01  1.42062654e-09  7.94328235e+00  9.78239364e+00  7.72754962e-04 
 1.00000000e+01  9.99999956e-01  1.78846279e-09  1.00000000e+01  9.78239366e+00  9.72840876e-04 
 1.25892541e+01  9.99999956e-01  2.25154114e-09  1.25892541e+01  9.78239369e+00  1.22473414e-03 
 1.58489319e+01  9.99999956e-01  2.83452211e-09  1.58489319e+01  9.78239374e+00  1.54184900e-03 
 1.99526231e+01  9.99999956e-01  3.56845143e-09  1.99526231e+01  9.78239381e+00  1.94107302e-03 
 2.51188643e+01  9.99999956e-01  4.49241322e-09  2.51188643e+01  9.78239393e+00  2.44366643e-03 
 3.16227766e+01  9.99999956e-01  5.65561124e-09  3.16227766e+01  9.78239412e+00  3.07639431e-03 
 3.98107171e+01  9.99999956e-01  7.11998886e-09  3.98107171e+01  9.78239443e+00  3.87295208e-03 
 5.01187234e+01  9.99999956e-01  8.96352724e-09  5.01187234e+01  9.78239491e+00  4.87575998e-03 
 6.30957344e+01  9.99999956e-01  1.12843969e-08  6.30957344e+01  9.78239567e+00  6.13822252e-03 
 7.94328235e+01  9.99999956e-01  1.42061835e-08  7.94328235e+01  9.78239688e+00  7.72757305e-03 
 1.00000000e+02  9.99999956e-01  1.78844645e-08  1.00000000e+02  9.78239880e+00  9.72845551e-03 
 1.25892541e+02  9.99999956e-01  2.25150853e-08  1.25892541e+02  9.78240184e+00  1.22474346e-02 
 1.58489319e+02  9.99999957e-01  2.83445708e-08  1.58489319e+02  9.78240666e+00  1.54186760e-02 
 1.99526231e+02  9.99999957e-01  3.56832177e-08  1.99526231e+02  9.78241429e+00  1.94111013e-02 
 2.51188643e+02  9.99999957e-01  4.49215475e-08  2.51188643e+02  9.78242639e+00  2.44374046e-02 
 3.16227766e+02  9.99999957e-01  5.65509629e-08  3.16227766e+02  9.78244558e+00  3.07654195e-02 
 3.98107171e+02  9.99999957e-01  7.11896386e-08  3.98107171e+02  9.78247601e+00  3.87324641e-02 
 5.01187234e+02  9.99999957e-01  8.96148976e-08  5.01187234e+02  9.78252429e+00  4.87634651e-02 
 6.30957344e+02  9.99999957e-01  1.12803556e-07  6.30957344e+02  9.78260090e+00  6.13939047e-02 
 7.94328235e+02  9.99999958e-01  1.41981948e-07  7.94328235e+02  9.78272258e+00  7.72989618e-02 
 1.00000000e+03  9.99999958e-01  1.78687550e-07  1.00000000e+03  9.78291608e+00  9.73306852e-02 
 1.25892541e+03  9.99999959e-01  2.24844386e-07  1.25892541e+03  9.78322427e+00  1.22565713e-01 
 1.58489319e+03  9.99999960e-01  2.82854931e-07  1.58489319e+03  9.78371626e+00  1.54367058e-01 
 1.99526231e+03  9.99999963e-01  3.55712851e-07  1.99526231e+03  9.78450390e+00  1.94465011e-01 
 2.51188643e+03  9.99999966e-01  4.47144833e-07  2.51188643e+03  9.78576890e+00  2.45064641e-01 
 3.16227766e+03  9.99999971e-01  5.61795937e-07  3.16227766e+03  9.78780628e+00  3.08991775e-01 
 3.98107171e+03  9.99999978e-01  7.05475415e-07  3.98107171e+03  9.79109289e+00  3.89898118e-01 
 5.01187234e+03  9.99999989e-01  8.85465383e-07  5.01187234e+03  9.79639349e+00  4.92564771e-01 
 6.30957344e+03  1.00000000e+00  1.11086038e-06  6.30957344e+03  9.80492753e+00  6.23379808e-01 
 7.94328235e+03  1.00000003e+00  1.39288559e-06  7.94328235e+03  9.81863849e+00  7.91133088e-01 
 1.00000000e+04  1.00000006e+00  1.74518040e-06  1.00000000e+04  9.84063435e+00  1.00840050e+00 
 1.25892541e+04  1.00000011e+00  2.18414438e-06  1.25892541e+04  9.87588802e+00  1.29405715e+00 
 1.58489319e+04  1.00000018e+00  2.72968517e-06  1.58489319e+04  9.93224782e+00  1.67804680e+00 
 1.99526231e+04  1.00000027e+00  3.40730251e-06  1.99526231e+04  1.00214634e+01  2.21091061e+00 
 2.51188643e+04  1.00000038e+00  4.25367651e-06  2.51188643e+04  1.01582225e+01  2.98406422e+00 
 3.16227766e+04  1.00000048e+00  5.32981050e-06  3.16227766e+04  1.03473294e+01  4.17605131e+00 
 3.98107171e+04  1.00000050e+00  6.74627113e-06  3.98107171e+04  1.05105668e+01  6.16193473e+00 
 5.01187234e+04  1.00000018e+00  8.67714802e-06  5.01187234e+04  1.01022305e+01  9.71933224e+00 
 6.30957344e+04  9.99998713e-01  1.10044103e-05  6.30957344e+04  6.42810437e+00  1.54483526e+01 
 7.94328235e+04  9.99995974e-01  1.15581730e-05  7.94328235e+04 -4.23353834e+00  1.65495576e+01 
 1.00000000e+05  9.99995980e-01  1.08554737e-05  1.00000000e+05 -8.86723596e+00  8.43678537e+00 
 1.25892541e+05  9.99997366e-01  1.24442915e-05  1.25892541e+05 -6.77254771e+00  3.87969813e+00 
 1.58489319e+05  9.99998538e-01  1.54936659e-05  1.58489319e+05 -4.39150628e+00  2.42896957e+00 
 1.99526231e+05  9.99999573e-01  1.94145901e-05  1.99526231e+05 -2.58651262e+00  1.89032801e+00 
 2.51188643e+05  1.00000058e+00  2.41371960e-05  2.51188643e+05 -1.29714182e+00  1.48128099e+00 
 3.16227766e+05  1.00000159e+00  2.98057771e-05  3.16227766e+05 -4.76717577e-01  1.03122326e+00 
 3.98107171e+05  1.00000257e+00  3.66960541e-05  3.98107171e+05 -6.24374221e-02  5.98221544e-01 
 5.01187234e+05  1.00000350e+00  4.51874048e-05  5.01187234e+05  6.76113834e-02  2.76657927e-01 
 6.30957344e+05  1.00000439e+00  5.57559626e-05  6.30957344e+05  6.06483544e-02  1.00392532e-01 
 7.94328235e+05  1.00000524e+00  6.89875803e-05  7.94328235e+05  2.67995337e-02  3.33233144e-02 
 1.00000000e+06  1.00000605e+00  8.56092182e-05  1.00000000e+06  9.82409275e-03  1.57257676e-02 
