 3.00000000e-01  1.19979748e-09 
 3.01000000e-01  1.22964728e-09 
 3.02000000e-01  1.26021393e-09 
 3.03000000e-01  1.29140268e-09 
 3.04000000e-01  1.32331695e-09 
 3.05000000e-01  1.35598552e-09 
 3.06000000e-01  1.38938280e-09 
 3.07000000e-01  1.42349335e-09 
 3.08000000e-01  1.45841732e-09 
 3.09000000e-01  1.49404373e-09 
 3.10000000e-01  1.53058758e-09 
 3.11000000e-01  1.56781774e-09 
 3.12000000e-01  1.60594925e-09 
 3.13000000e-01  1.64490845e-09 
 3.14000000e-01  1.68472426e-09 
 3.15000000e-01  1.72538891e-09 
 3.16000000e-01  1.76697033e-09 
 3.17000000e-01  1.80945989e-09 
 3.18000000e-01  1.85284233e-09 
 3.19000000e-01  1.89721227e-09 
 3.20000000e-01  1.94246684e-09 
 3.21000000e-01  1.98883169e-09 
 3.22000000e-01  2.03608573e-09 
 3.23000000e-01  2.08437614e-09 
 3.24000000e-01  2.13368807e-09 
 3.25000000e-01  2.18407629e-09 
 3.26000000e-01  2.23550875e-09 
 3.27000000e-01  2.28806612e-09 
 3.28000000e-01  2.34170235e-09 
 3.29000000e-01  2.39650444e-09 
 3.30000000e-01  2.45241595e-09 
 3.31000000e-01  2.50956274e-09 
 3.32000000e-01  2.56783764e-09 
 3.33000000e-01  2.62742872e-09 
 3.34000000e-01  2.68811869e-09 
 3.35000000e-01  2.75013496e-09 
 3.36000000e-01  2.81341955e-09 
 3.37000000e-01  2.87804112e-09 
 3.38000000e-01  2.94394000e-09 
 3.39000000e-01  3.01122184e-09 
 3.40000000e-01  3.07984019e-09 
 3.41000000e-01  3.14986368e-09 
 3.42000000e-01  3.22136915e-09 
 3.43000000e-01  3.29423709e-09 
 3.44000000e-01  3.36856118e-09 
 3.45000000e-01  3.44442229e-09 
 3.46000000e-01  3.52182504e-09 
 3.47000000e-01  3.60067444e-09 
 3.48000000e-01  3.68120955e-09 
 3.49000000e-01  3.76325287e-09 
 3.50000000e-01  3.84687544e-09 
 3.51000000e-01  3.93227026e-09 
 3.52000000e-01  4.01932028e-09 
 3.53000000e-01  4.10800732e-09 
 3.54000000e-01  4.19850078e-09 
 3.55000000e-01  4.29065145e-09 
 3.56000000e-01  4.38465751e-09 
 3.57000000e-01  4.48043429e-09 
 3.58000000e-01  4.57810240e-09 
 3.59000000e-01  4.67764784e-09 
 3.60000000e-01  4.77904786e-09 
 3.61000000e-01  4.88245781e-09 
 3.62000000e-01  4.98772584e-09 
 3.63000000e-01  5.09507851e-09 
 3.64000000e-01  5.20443409e-09 
 3.65000000e-01  5.31583103e-09 
 3.66000000e-01  5.42934978e-09 
 3.67000000e-01  5.54499554e-09 
 3.68000000e-01  5.66268255e-09 
 3.69000000e-01  5.78266281e-09 
 3.70000000e-01  5.90487621e-09 
 3.71000000e-01  6.02922099e-09 
 3.72000000e-01  6.15593772e-09 
 3.73000000e-01  6.28496905e-09 
 3.74000000e-01  6.41636212e-09 
 3.75000000e-01  6.55012221e-09 
 3.76000000e-01  6.68632935e-09 
 3.77000000e-01  6.82500215e-09 
 3.78000000e-01  6.96606327e-09 
 3.79000000e-01  7.10976337e-09 
 3.80000000e-01  7.25596198e-09 
 3.81000000e-01  7.40490175e-09 
 3.82000000e-01  7.55634951e-09 
 3.83000000e-01  7.71055454e-09 
 3.84000000e-01  7.86735009e-09 
 3.85000000e-01  8.02700613e-09 
 3.86000000e-01  8.18945714e-09 
 3.87000000e-01  8.35476727e-09 
 3.88000000e-01  8.52290827e-09 
 3.89000000e-01  8.69398194e-09 
 3.90000000e-01  8.86795981e-09 
 3.91000000e-01  9.04501105e-09 
 3.92000000e-01  9.22499403e-09 
 3.93000000e-01  9.40809671e-09 
 3.94000000e-01  9.59434039e-09 
 3.95000000e-01  9.78367140e-09 
 3.96000000e-01  9.97632984e-09 
 3.97000000e-01  1.01720435e-08 
 3.98000000e-01  1.03712185e-08 
 3.99000000e-01  1.05736609e-08 
 4.00000000e-01  1.07794778e-08 
 4.01000000e-01  1.09885968e-08 
 4.02000000e-01  1.12012198e-08 
 4.03000000e-01  1.14174450e-08 
 4.04000000e-01  1.16371792e-08 
 4.05000000e-01  1.18604307e-08 
 4.06000000e-01  1.20873439e-08 
 4.07000000e-01  1.23179920e-08 
 4.08000000e-01  1.25522862e-08 
 4.09000000e-01  1.27903566e-08 
 4.10000000e-01  1.30323168e-08 
 4.11000000e-01  1.32780228e-08 
 4.12000000e-01  1.35277314e-08 
 4.13000000e-01  1.37813327e-08 
 4.14000000e-01  1.40389131e-08 
 4.15000000e-01  1.43005431e-08 
 4.16000000e-01  1.45663175e-08 
 4.17000000e-01  1.48362540e-08 
 4.18000000e-01  1.51103395e-08 
 4.19000000e-01  1.53886240e-08 
 4.20000000e-01  1.56712265e-08 
 4.21000000e-01  1.59581622e-08 
 4.22000000e-01  1.62494409e-08 
 4.23000000e-01  1.65452098e-08 
 4.24000000e-01  1.68454174e-08 
 4.25000000e-01  1.71501328e-08 
 4.26000000e-01  1.74594288e-08 
 4.27000000e-01  1.77734335e-08 
 4.28000000e-01  1.80920027e-08 
 4.29000000e-01  1.84153607e-08 
 4.30000000e-01  1.87434138e-08 
 4.31000000e-01  1.90763773e-08 
 4.32000000e-01  1.94140981e-08 
 4.33000000e-01  1.97567996e-08 
 4.34000000e-01  2.01044720e-08 
 4.35000000e-01  2.04571461e-08 
 4.36000000e-01  2.08148845e-08 
 4.37000000e-01  2.11776554e-08 
 4.38000000e-01  2.15457560e-08 
 4.39000000e-01  2.19190228e-08 
 4.40000000e-01  2.22974904e-08 
 4.41000000e-01  2.26813280e-08 
 4.42000000e-01  2.30705849e-08 
 4.43000000e-01  2.34651337e-08 
 4.44000000e-01  2.38652235e-08 
 4.45000000e-01  2.42708386e-08 
 4.46000000e-01  2.46819526e-08 
 4.47000000e-01  2.50986970e-08 
 4.48000000e-01  2.55211771e-08 
 4.49000000e-01  2.59493040e-08 
 4.50000000e-01  2.63832357e-08 
 4.51000000e-01  2.68228718e-08 
 4.52000000e-01  2.72684384e-08 
 4.53000000e-01  2.77198941e-08 
 4.54000000e-01  2.81772380e-08 
 4.55000000e-01  2.86407499e-08 
 4.56000000e-01  2.91101844e-08 
 4.57000000e-01  2.95857523e-08 
 4.58000000e-01  3.00673937e-08 
 4.59000000e-01  3.05553432e-08 
 4.60000000e-01  3.10495090e-08 
 4.61000000e-01  3.15499073e-08 
 4.62000000e-01  3.20566440e-08 
 4.63000000e-01  3.25698045e-08 
 4.64000000e-01  3.30894186e-08 
 4.65000000e-01  3.36154649e-08 
 4.66000000e-01  3.41479804e-08 
 4.67000000e-01  3.46871110e-08 
 4.68000000e-01  3.52327576e-08 
 4.69000000e-01  3.57852222e-08 
 4.70000000e-01  3.63441992e-08 
 4.71000000e-01  3.69099925e-08 
 4.72000000e-01  3.74826026e-08 
 4.73000000e-01  3.80619786e-08 
 4.74000000e-01  3.86482319e-08 
 4.75000000e-01  3.92413669e-08 
 4.76000000e-01  3.98414796e-08 
 4.77000000e-01  4.04485943e-08 
 4.78000000e-01  4.10626448e-08 
 4.79000000e-01  4.16838685e-08 
 4.80000000e-01  4.23122307e-08 
 4.81000000e-01  4.29475906e-08 
 4.82000000e-01  4.35902044e-08 
 4.83000000e-01  4.42400928e-08 
 4.84000000e-01  4.48971667e-08 
 4.85000000e-01  4.55614963e-08 
 4.86000000e-01  4.62331737e-08 
 4.87000000e-01  4.69121986e-08 
 4.88000000e-01  4.75986061e-08 
 4.89000000e-01  4.82924484e-08 
 4.90000000e-01  4.89937828e-08 
 4.91000000e-01  4.97024494e-08 
 4.92000000e-01  5.04188066e-08 
 4.93000000e-01  5.11426648e-08 
 4.94000000e-01  5.18741180e-08 
 4.95000000e-01  5.26131399e-08 
 4.96000000e-01  5.33597179e-08 
 4.97000000e-01  5.41140961e-08 
 4.98000000e-01  5.48760773e-08 
 4.99000000e-01  5.56457767e-08 
 5.00000000e-01  5.64232041e-08 
 5.01000000e-01  5.72083675e-08 
 5.02000000e-01  5.80013117e-08 
 5.03000000e-01  5.88019848e-08 
 5.04000000e-01  5.96105295e-08 
 5.05000000e-01  6.04268911e-08 
 5.06000000e-01  6.12511570e-08 
 5.07000000e-01  6.20831957e-08 
 5.08000000e-01  6.29231596e-08 
 5.09000000e-01  6.37709658e-08 
 5.10000000e-01  6.46266490e-08 
 5.11000000e-01  6.54902888e-08 
 5.12000000e-01  6.63618797e-08 
 5.13000000e-01  6.72412762e-08 
 5.14000000e-01  6.81287401e-08 
 5.15000000e-01  6.90240623e-08 
 5.16000000e-01  6.99272943e-08 
 5.17000000e-01  7.08385239e-08 
 5.18000000e-01  7.17576970e-08 
 5.19000000e-01  7.26847100e-08 
 5.20000000e-01  7.36198538e-08 
 5.21000000e-01  7.45627190e-08 
 5.22000000e-01  7.55136401e-08 
 5.23000000e-01  7.64723407e-08 
 5.24000000e-01  7.74391911e-08 
 5.25000000e-01  7.84138172e-08 
 5.26000000e-01  7.93962047e-08 
 5.27000000e-01  8.03865272e-08 
 5.28000000e-01  8.13848134e-08 
 5.29000000e-01  8.23907794e-08 
 5.30000000e-01  8.34045766e-08 
 5.31000000e-01  8.44261856e-08 
 5.32000000e-01  8.54555267e-08 
 5.33000000e-01  8.64925641e-08 
 5.34000000e-01  8.75373748e-08 
 5.35000000e-01  8.85897349e-08 
 5.36000000e-01  8.96497973e-08 
 5.37000000e-01  9.07174544e-08 
 5.38000000e-01  9.17926576e-08 
 5.39000000e-01  9.28753127e-08 
 5.40000000e-01  9.39653515e-08 
 5.41000000e-01  9.50628092e-08 
 5.42000000e-01  9.61676379e-08 
 5.43000000e-01  9.72798303e-08 
 5.44000000e-01  9.83990362e-08 
 5.45000000e-01  9.95256306e-08 
 5.46000000e-01  1.00659123e-07 
 5.47000000e-01  1.01799732e-07 
 5.48000000e-01  1.02947323e-07 
 5.49000000e-01  1.04101541e-07 
 5.50000000e-01  1.05262809e-07 
 5.51000000e-01  1.06430656e-07 
 5.52000000e-01  1.07605068e-07 
 5.53000000e-01  1.08786051e-07 
 5.54000000e-01  1.09973227e-07 
 5.55000000e-01  1.11166736e-07 
 5.56000000e-01  1.12366613e-07 
 5.57000000e-01  1.13572365e-07 
 5.58000000e-01  1.14784145e-07 
 5.59000000e-01  1.16001718e-07 
 5.60000000e-01  1.17224948e-07 
 5.61000000e-01  1.18453598e-07 
 5.62000000e-01  1.19687796e-07 
 5.63000000e-01  1.20927041e-07 
 5.64000000e-01  1.22171345e-07 
 5.65000000e-01  1.23420494e-07 
 5.66000000e-01  1.24674498e-07 
 5.67000000e-01  1.25932899e-07 
 5.68000000e-01  1.27195453e-07 
 5.69000000e-01  1.28462359e-07 
 5.70000000e-01  1.29733021e-07 
 5.71000000e-01  1.31007258e-07 
 5.72000000e-01  1.32285003e-07 
 5.73000000e-01  1.33565849e-07 
 5.74000000e-01  1.34849538e-07 
 5.75000000e-01  1.36135960e-07 
 5.76000000e-01  1.37424591e-07 
 5.77000000e-01  1.38715206e-07 
 5.78000000e-01  1.40007547e-07 
 5.79000000e-01  1.41301405e-07 
 5.80000000e-01  1.42596177e-07 
 5.81000000e-01  1.43891731e-07 
 5.82000000e-01  1.45187207e-07 
 5.83000000e-01  1.46482714e-07 
 5.84000000e-01  1.47777640e-07 
 5.85000000e-01  1.49071220e-07 
 5.86000000e-01  1.50363666e-07 
 5.87000000e-01  1.51653757e-07 
 5.88000000e-01  1.52941577e-07 
 5.89000000e-01  1.54225842e-07 
 5.90000000e-01  1.55506662e-07 
 5.91000000e-01  1.56783307e-07 
 5.92000000e-01  1.58054389e-07 
 5.93000000e-01  1.59320170e-07 
 5.94000000e-01  1.60579091e-07 
 5.95000000e-01  1.61831038e-07 
 5.96000000e-01  1.63074666e-07 
 5.97000000e-01  1.64309522e-07 
 5.98000000e-01  1.65534147e-07 
 5.99000000e-01  1.66747997e-07 
 6.00000000e-01  1.67949736e-07 
 6.01000000e-01  1.69138573e-07 
 6.02000000e-01  1.70312843e-07 
 6.03000000e-01  1.71471346e-07 
 6.04000000e-01  1.72612773e-07 
 6.05000000e-01  1.73735734e-07 
 6.06000000e-01  1.74839051e-07 
 6.07000000e-01  1.75919693e-07 
 6.08000000e-01  1.76977381e-07 
 6.09000000e-01  1.78009594e-07 
 6.10000000e-01  1.79014485e-07 
 6.11000000e-01  1.79989260e-07 
 6.12000000e-01  1.80931781e-07 
 6.13000000e-01  1.81840273e-07 
 6.14000000e-01  1.82710970e-07 
 6.15000000e-01  1.83541649e-07 
 6.16000000e-01  1.84329207e-07 
 6.17000000e-01  1.85070216e-07 
 6.18000000e-01  1.85761154e-07 
 6.19000000e-01  1.86398854e-07 
 6.20000000e-01  1.86978917e-07 
 6.21000000e-01  1.87497447e-07 
 6.22000000e-01  1.87949822e-07 
 6.23000000e-01  1.88332788e-07 
 6.24000000e-01  1.88640692e-07 
 6.25000000e-01  1.88870795e-07 
 6.26000000e-01  1.89016787e-07 
 6.27000000e-01  1.89075967e-07 
 6.28000000e-01  1.89043435e-07 
 6.29000000e-01  1.88915929e-07 
 6.30000000e-01  1.88692452e-07 
 6.31000000e-01  1.88368934e-07 
 6.32000000e-01  1.87945305e-07 
 6.33000000e-01  1.87424137e-07 
 6.34000000e-01  1.86805733e-07 
 6.35000000e-01  1.86094386e-07 
 6.36000000e-01  1.85294552e-07 
 6.37000000e-01  1.84414893e-07 
 6.38000000e-01  1.83461905e-07 
 6.39000000e-01  1.82446712e-07 
 6.40000000e-01  1.81378081e-07 
 6.41000000e-01  1.80266431e-07 
 6.42000000e-01  1.79122155e-07 
 6.43000000e-01  1.77957043e-07 
 6.44000000e-01  1.76779933e-07 
 6.45000000e-01  1.75597190e-07 
 6.46000000e-01  1.74417852e-07 
 6.47000000e-01  1.73249341e-07 
 6.48000000e-01  1.72096169e-07 
 6.49000000e-01  1.70963488e-07 
 6.50000000e-01  1.69854046e-07 
 6.51000000e-01  1.68770142e-07 
 6.52000000e-01  1.67716324e-07 
 6.53000000e-01  1.66692852e-07 
 6.54000000e-01  1.65698590e-07 
 6.55000000e-01  1.64736845e-07 
 6.56000000e-01  1.63805434e-07 
 6.57000000e-01  1.62906339e-07 
 6.58000000e-01  1.62038043e-07 
 6.59000000e-01  1.61200520e-07 
 6.60000000e-01  1.60392739e-07 
 6.61000000e-01  1.59613028e-07 
 6.62000000e-01  1.58863119e-07 
 6.63000000e-01  1.58139647e-07 
 6.64000000e-01  1.57442656e-07 
 6.65000000e-01  1.56771191e-07 
 6.66000000e-01  1.56124293e-07 
 6.67000000e-01  1.55502057e-07 
 6.68000000e-01  1.54901216e-07 
 6.69000000e-01  1.54322806e-07 
 6.70000000e-01  1.53764999e-07 
 6.71000000e-01  1.53228401e-07 
 6.72000000e-01  1.52710975e-07 
 6.73000000e-01  1.52211733e-07 
 6.74000000e-01  1.51730331e-07 
 6.75000000e-01  1.51266971e-07 
 6.76000000e-01  1.50819149e-07 
 6.77000000e-01  1.50386905e-07 
 6.78000000e-01  1.49970065e-07 
 6.79000000e-01  1.49567338e-07 
 6.80000000e-01  1.49179077e-07 
 6.81000000e-01  1.48804493e-07 
 6.82000000e-01  1.48441802e-07 
 6.83000000e-01  1.48092071e-07 
 6.84000000e-01  1.47753426e-07 
 6.85000000e-01  1.47426677e-07 
 6.86000000e-01  1.47111170e-07 
 6.87000000e-01  1.46805596e-07 
 6.88000000e-01  1.46509942e-07 
 6.89000000e-01  1.46224234e-07 
 6.90000000e-01  1.45947762e-07 
 6.91000000e-01  1.45679598e-07 
 6.92000000e-01  1.45420203e-07 
 6.93000000e-01  1.45170392e-07 
 6.94000000e-01  1.44927571e-07 
 6.95000000e-01  1.44692712e-07 
 6.96000000e-01  1.44464431e-07 
 6.97000000e-01  1.44244341e-07 
 6.98000000e-01  1.44029942e-07 
 6.99000000e-01  1.43823053e-07 
 7.00000000e-01  1.43622716e-07 
 7.01000000e-01  1.43427626e-07 
 7.02000000e-01  1.43239338e-07 
 7.03000000e-01  1.43055767e-07 
 7.04000000e-01  1.42878349e-07 
 7.05000000e-01  1.42705797e-07 
 7.06000000e-01  1.42539090e-07 
 7.07000000e-01  1.42377150e-07 
 7.08000000e-01  1.42219483e-07 
 7.09000000e-01  1.42067511e-07 
 7.10000000e-01  1.41919269e-07 
 7.11000000e-01  1.41775174e-07 
 7.12000000e-01  1.41635941e-07 
 7.13000000e-01  1.41500670e-07 
 7.14000000e-01  1.41368822e-07 
 7.15000000e-01  1.41241730e-07 
 7.16000000e-01  1.41117491e-07 
 7.17000000e-01  1.40997060e-07 
 7.18000000e-01  1.40880219e-07 
 7.19000000e-01  1.40766717e-07 
 7.20000000e-01  1.40656819e-07 
 7.21000000e-01  1.40549098e-07 
 7.22000000e-01  1.40445167e-07 
 7.23000000e-01  1.40344138e-07 
 7.24000000e-01  1.40245411e-07 
 7.25000000e-01  1.40150575e-07 
 7.26000000e-01  1.40057814e-07 
 7.27000000e-01  1.39968243e-07 
 7.28000000e-01  1.39881107e-07 
 7.29000000e-01  1.39795813e-07 
 7.30000000e-01  1.39713387e-07 
 7.31000000e-01  1.39633542e-07 
 7.32000000e-01  1.39555849e-07 
 7.33000000e-01  1.39480145e-07 
 7.34000000e-01  1.39406635e-07 
 7.35000000e-01  1.39335798e-07 
 7.36000000e-01  1.39265814e-07 
 7.37000000e-01  1.39199055e-07 
 7.38000000e-01  1.39133446e-07 
 7.39000000e-01  1.39070418e-07 
 7.40000000e-01  1.39008743e-07 
 7.41000000e-01  1.38949361e-07 
 7.42000000e-01  1.38890815e-07 
 7.43000000e-01  1.38834271e-07 
 7.44000000e-01  1.38779902e-07 
 7.45000000e-01  1.38727092e-07 
 7.46000000e-01  1.38675541e-07 
 7.47000000e-01  1.38625109e-07 
 7.48000000e-01  1.38576548e-07 
 7.49000000e-01  1.38529172e-07 
 7.50000000e-01  1.38482994e-07 
 7.51000000e-01  1.38438559e-07 
 7.52000000e-01  1.38395931e-07 
 7.53000000e-01  1.38353920e-07 
 7.54000000e-01  1.38312896e-07 
 7.55000000e-01  1.38273377e-07 
 7.56000000e-01  1.38235289e-07 
 7.57000000e-01  1.38198025e-07 
 7.58000000e-01  1.38162013e-07 
 7.59000000e-01  1.38127270e-07 
 7.60000000e-01  1.38092924e-07 
 7.61000000e-01  1.38060218e-07 
 7.62000000e-01  1.38028518e-07 
 7.63000000e-01  1.37997157e-07 
 7.64000000e-01  1.37967145e-07 
 7.65000000e-01  1.37937771e-07 
 7.66000000e-01  1.37909795e-07 
 7.67000000e-01  1.37881930e-07 
 7.68000000e-01  1.37855777e-07 
 7.69000000e-01  1.37829527e-07 
 7.70000000e-01  1.37804152e-07 
 7.71000000e-01  1.37780404e-07 
 7.72000000e-01  1.37756237e-07 
 7.73000000e-01  1.37733166e-07 
 7.74000000e-01  1.37710831e-07 
 7.75000000e-01  1.37689438e-07 
 7.76000000e-01  1.37668574e-07 
 7.77000000e-01  1.37647775e-07 
 7.78000000e-01  1.37628043e-07 
 7.79000000e-01  1.37608856e-07 
 7.80000000e-01  1.37590230e-07 
 7.81000000e-01  1.37572006e-07 
 7.82000000e-01  1.37554567e-07 
 7.83000000e-01  1.37537704e-07 
 7.84000000e-01  1.37521197e-07 
 7.85000000e-01  1.37504682e-07 
 7.86000000e-01  1.37489563e-07 
 7.87000000e-01  1.37474092e-07 
 7.88000000e-01  1.37459413e-07 
 7.89000000e-01  1.37445471e-07 
 7.90000000e-01  1.37431154e-07 
 7.91000000e-01  1.37418180e-07 
 7.92000000e-01  1.37404798e-07 
 7.93000000e-01  1.37392265e-07 
 7.94000000e-01  1.37380298e-07 
 7.95000000e-01  1.37367534e-07 
 7.96000000e-01  1.37356375e-07 
 7.97000000e-01  1.37344409e-07 
 7.98000000e-01  1.37333439e-07 
 7.99000000e-01  1.37323261e-07 
 8.00000000e-01  1.37311871e-07 
 8.01000000e-01  1.37302212e-07 
 8.02000000e-01  1.37292735e-07 
 8.03000000e-01  1.37282782e-07 
 8.04000000e-01  1.37273289e-07 
 8.05000000e-01  1.37264719e-07 
 8.06000000e-01  1.37256157e-07 
 8.07000000e-01  1.37247130e-07 
 8.08000000e-01  1.37238923e-07 
 8.09000000e-01  1.37230951e-07 
 8.10000000e-01  1.37222598e-07 
 8.11000000e-01  1.37215198e-07 
 8.12000000e-01  1.37208128e-07 
 8.13000000e-01  1.37200580e-07 
 8.14000000e-01  1.37193656e-07 
 8.15000000e-01  1.37186693e-07 
 8.16000000e-01  1.37179658e-07 
 8.17000000e-01  1.37172914e-07 
 8.18000000e-01  1.37167186e-07 
 8.19000000e-01  1.37160786e-07 
 8.20000000e-01  1.37154805e-07 
 8.21000000e-01  1.37148885e-07 
 8.22000000e-01  1.37143697e-07 
 8.23000000e-01  1.37137516e-07 
 8.24000000e-01  1.37131922e-07 
 8.25000000e-01  1.37127033e-07 
 8.26000000e-01  1.37121800e-07 
 8.27000000e-01  1.37116599e-07 
 8.28000000e-01  1.37111670e-07 
 8.29000000e-01  1.37107063e-07 
 8.30000000e-01  1.37102331e-07 
 8.31000000e-01  1.37097888e-07 
 8.32000000e-01  1.37093620e-07 
 8.33000000e-01  1.37089390e-07 
 8.34000000e-01  1.37084991e-07 
 8.35000000e-01  1.37080856e-07 
 8.36000000e-01  1.37076983e-07 
 8.37000000e-01  1.37072719e-07 
 8.38000000e-01  1.37068726e-07 
 8.39000000e-01  1.37065116e-07 
 8.40000000e-01  1.37061745e-07 
 8.41000000e-01  1.37058405e-07 
 8.42000000e-01  1.37055086e-07 
 8.43000000e-01  1.37051425e-07 
 8.44000000e-01  1.37048187e-07 
 8.45000000e-01  1.37044826e-07 
 8.46000000e-01  1.37042377e-07 
 8.47000000e-01  1.37038557e-07 
 8.48000000e-01  1.37035481e-07 
 8.49000000e-01  1.37033493e-07 
 8.50000000e-01  1.37029970e-07 
 8.51000000e-01  1.37027370e-07 
 8.52000000e-01  1.37024827e-07 
 8.53000000e-01  1.37022335e-07 
 8.54000000e-01  1.37019334e-07 
 8.55000000e-01  1.37016796e-07 
 8.56000000e-01  1.37013785e-07 
 8.57000000e-01  1.37011954e-07 
 8.58000000e-01  1.37009204e-07 
 8.59000000e-01  1.37007388e-07 
 8.60000000e-01  1.37005059e-07 
 8.61000000e-01  1.37002644e-07 
 8.62000000e-01  1.37000313e-07 
 8.63000000e-01  1.36998576e-07 
 8.64000000e-01  1.36996232e-07 
 8.65000000e-01  1.36994307e-07 
 8.66000000e-01  1.36992389e-07 
 8.67000000e-01  1.36990550e-07 
 8.68000000e-01  1.36988431e-07 
 8.69000000e-01  1.36986486e-07 
 8.70000000e-01  1.36984912e-07 
 8.71000000e-01  1.36983071e-07 
 8.72000000e-01  1.36981626e-07 
 8.73000000e-01  1.36979816e-07 
 8.74000000e-01  1.36978418e-07 
 8.75000000e-01  1.36976336e-07 
 8.76000000e-01  1.36975144e-07 
 8.77000000e-01  1.36974029e-07 
 8.78000000e-01  1.36971651e-07 
 8.79000000e-01  1.36970242e-07 
 8.80000000e-01  1.36969331e-07 
 8.81000000e-01  1.36967303e-07 
 8.82000000e-01  1.36965941e-07 
 8.83000000e-01  1.36964580e-07 
 8.84000000e-01  1.36963426e-07 
 8.85000000e-01  1.36961817e-07 
 8.86000000e-01  1.36960417e-07 
 8.87000000e-01  1.36959926e-07 
 8.88000000e-01  1.36958855e-07 
 8.89000000e-01  1.36957629e-07 
 8.90000000e-01  1.36956107e-07 
 8.91000000e-01  1.36954927e-07 
 8.92000000e-01  1.36953651e-07 
 8.93000000e-01  1.36952778e-07 
 8.94000000e-01  1.36951424e-07 
 8.95000000e-01  1.36950318e-07 
 8.96000000e-01  1.36949268e-07 
 8.97000000e-01  1.36948539e-07 
 8.98000000e-01  1.36947586e-07 
 8.99000000e-01  1.36946288e-07 
 9.00000000e-01  1.36945096e-07 
 9.01000000e-01  1.36944453e-07 
 9.02000000e-01  1.36943302e-07 
 9.03000000e-01  1.36942635e-07 
 9.04000000e-01  1.36942145e-07 
 9.05000000e-01  1.36940713e-07 
 9.06000000e-01  1.36940004e-07 
 9.07000000e-01  1.36938717e-07 
 9.08000000e-01  1.36938604e-07 
 9.09000000e-01  1.36937669e-07 
 9.10000000e-01  1.36936770e-07 
 9.11000000e-01  1.36936985e-07 
 9.12000000e-01  1.36935598e-07 
 9.13000000e-01  1.36934752e-07 
 9.14000000e-01  1.36934007e-07 
 9.15000000e-01  1.36933040e-07 
 9.16000000e-01  1.36933196e-07 
 9.17000000e-01  1.36931994e-07 
 9.18000000e-01  1.36931210e-07 
 9.19000000e-01  1.36930742e-07 
 9.20000000e-01  1.36930251e-07 
 9.21000000e-01  1.36929057e-07 
 9.22000000e-01  1.36928440e-07 
 9.23000000e-01  1.36928384e-07 
 9.24000000e-01  1.36927409e-07 
 9.25000000e-01  1.36926912e-07 
 9.26000000e-01  1.36926542e-07 
 9.27000000e-01  1.36925801e-07 
 9.28000000e-01  1.36925746e-07 
 9.29000000e-01  1.36925257e-07 
 9.30000000e-01  1.36924504e-07 
 9.31000000e-01  1.36923988e-07 
 9.32000000e-01  1.36923580e-07 
 9.33000000e-01  1.36923223e-07 
 9.34000000e-01  1.36922363e-07 
 9.35000000e-01  1.36921997e-07 
 9.36000000e-01  1.36921064e-07 
 9.37000000e-01  1.36921016e-07 
 9.38000000e-01  1.36920542e-07 
 9.39000000e-01  1.36920972e-07 
 9.40000000e-01  1.36919885e-07 
 9.41000000e-01  1.36919422e-07 
 9.42000000e-01  1.36919417e-07 
 9.43000000e-01  1.36918517e-07 
 9.44000000e-01  1.36918420e-07 
 9.45000000e-01  1.36917866e-07 
 9.46000000e-01  1.36917623e-07 
 9.47000000e-01  1.36917368e-07 
 9.48000000e-01  1.36917002e-07 
 9.49000000e-01  1.36916692e-07 
 9.50000000e-01  1.36916018e-07 
 9.51000000e-01  1.36916202e-07 
 9.52000000e-01  1.36915591e-07 
 9.53000000e-01  1.36915238e-07 
 9.54000000e-01  1.36915625e-07 
 9.55000000e-01  1.36914688e-07 
 9.56000000e-01  1.36914558e-07 
 9.57000000e-01  1.36913913e-07 
 9.58000000e-01  1.36913802e-07 
 9.59000000e-01  1.36913748e-07 
 9.60000000e-01  1.36913340e-07 
 9.61000000e-01  1.36913361e-07 
 9.62000000e-01  1.36913007e-07 
 9.63000000e-01  1.36912742e-07 
 9.64000000e-01  1.36912138e-07 
 9.65000000e-01  1.36911494e-07 
 9.66000000e-01  1.36912108e-07 
 9.67000000e-01  1.36911603e-07 
 9.68000000e-01  1.36911754e-07 
 9.69000000e-01  1.36911489e-07 
 9.70000000e-01  1.36910424e-07 
 9.71000000e-01  1.36910830e-07 
 9.72000000e-01  1.36910680e-07 
 9.73000000e-01  1.36910456e-07 
 9.74000000e-01  1.36910518e-07 
 9.75000000e-01  1.36909376e-07 
 9.76000000e-01  1.36909320e-07 
 9.77000000e-01  1.36909221e-07 
 9.78000000e-01  1.36909844e-07 
 9.79000000e-01  1.36909173e-07 
 9.80000000e-01  1.36909026e-07 
 9.81000000e-01  1.36909464e-07 
 9.82000000e-01  1.36908691e-07 
 9.83000000e-01  1.36908351e-07 
 9.84000000e-01  1.36908328e-07 
 9.85000000e-01  1.36908314e-07 
 9.86000000e-01  1.36908600e-07 
 9.87000000e-01  1.36908202e-07 
 9.88000000e-01  1.36908297e-07 
 9.89000000e-01  1.36907724e-07 
 9.90000000e-01  1.36907878e-07 
 9.91000000e-01  1.36908296e-07 
 9.92000000e-01  1.36907647e-07 
 9.93000000e-01  1.36907700e-07 
 9.94000000e-01  1.36907323e-07 
 9.95000000e-01  1.36907270e-07 
 9.96000000e-01  1.36907394e-07 
 9.97000000e-01  1.36906901e-07 
 9.98000000e-01  1.36906915e-07 
 9.99000000e-01  1.36906915e-07 
 1.00000000e+00  1.36906595e-07 
 1.00100000e+00  1.36906755e-07 
 1.00200000e+00  1.36907082e-07 
 1.00300000e+00  1.36907325e-07 
 1.00400000e+00  1.36906767e-07 
 1.00500000e+00  1.36906938e-07 
 1.00600000e+00  1.36906724e-07 
 1.00700000e+00  1.36906016e-07 
 1.00800000e+00  1.36906383e-07 
 1.00900000e+00  1.36906095e-07 
 1.01000000e+00  1.36906122e-07 
 1.01100000e+00  1.36906472e-07 
 1.01200000e+00  1.36906593e-07 
 1.01300000e+00  1.36906691e-07 
 1.01400000e+00  1.36905965e-07 
 1.01500000e+00  1.36905908e-07 
 1.01600000e+00  1.36906433e-07 
 1.01700000e+00  1.36905790e-07 
 1.01800000e+00  1.36906062e-07 
 1.01900000e+00  1.36905749e-07 
 1.02000000e+00  1.36905827e-07 
 1.02100000e+00  1.36905984e-07 
 1.02200000e+00  1.36905649e-07 
 1.02300000e+00  1.36906193e-07 
 1.02400000e+00  1.36906089e-07 
 1.02500000e+00  1.36906136e-07 
 1.02600000e+00  1.36906134e-07 
 1.02700000e+00  1.36905520e-07 
 1.02800000e+00  1.36905890e-07 
 1.02900000e+00  1.36905801e-07 
 1.03000000e+00  1.36906425e-07 
 1.03100000e+00  1.36905807e-07 
 1.03200000e+00  1.36905558e-07 
 1.03300000e+00  1.36905688e-07 
 1.03400000e+00  1.36905829e-07 
 1.03500000e+00  1.36905659e-07 
 1.03600000e+00  1.36905845e-07 
 1.03700000e+00  1.36905783e-07 
 1.03800000e+00  1.36905842e-07 
 1.03900000e+00  1.36905837e-07 
 1.04000000e+00  1.36906026e-07 
 1.04100000e+00  1.36905856e-07 
 1.04200000e+00  1.36905817e-07 
 1.04300000e+00  1.36904922e-07 
 1.04400000e+00  1.36906234e-07 
 1.04500000e+00  1.36906364e-07 
 1.04600000e+00  1.36905452e-07 
 1.04700000e+00  1.36905599e-07 
 1.04800000e+00  1.36906247e-07 
 1.04900000e+00  1.36905701e-07 
 1.05000000e+00  1.36905917e-07 
 1.05100000e+00  1.36905918e-07 
 1.05200000e+00  1.36905909e-07 
 1.05300000e+00  1.36905451e-07 
 1.05400000e+00  1.36905623e-07 
 1.05500000e+00  1.36905305e-07 
 1.05600000e+00  1.36905641e-07 
 1.05700000e+00  1.36905764e-07 
 1.05800000e+00  1.36906690e-07 
 1.05900000e+00  1.36906166e-07 
 1.06000000e+00  1.36905939e-07 
 1.06100000e+00  1.36906592e-07 
 1.06200000e+00  1.36905726e-07 
 1.06300000e+00  1.36906506e-07 
 1.06400000e+00  1.36906556e-07 
 1.06500000e+00  1.36906898e-07 
 1.06600000e+00  1.36906570e-07 
 1.06700000e+00  1.36906447e-07 
 1.06800000e+00  1.36906122e-07 
 1.06900000e+00  1.36905695e-07 
 1.07000000e+00  1.36906060e-07 
 1.07100000e+00  1.36906590e-07 
 1.07200000e+00  1.36907230e-07 
 1.07300000e+00  1.36907021e-07 
 1.07400000e+00  1.36906724e-07 
 1.07500000e+00  1.36907103e-07 
 1.07600000e+00  1.36907299e-07 
 1.07700000e+00  1.36907017e-07 
 1.07800000e+00  1.36907666e-07 
 1.07900000e+00  1.36906963e-07 
 1.08000000e+00  1.36907634e-07 
 1.08100000e+00  1.36907388e-07 
 1.08200000e+00  1.36907429e-07 
 1.08300000e+00  1.36907203e-07 
 1.08400000e+00  1.36907313e-07 
 1.08500000e+00  1.36907666e-07 
 1.08600000e+00  1.36907353e-07 
 1.08700000e+00  1.36907981e-07 
 1.08800000e+00  1.36907356e-07 
 1.08900000e+00  1.36908548e-07 
 1.09000000e+00  1.36908421e-07 
 1.09100000e+00  1.36908108e-07 
 1.09200000e+00  1.36907685e-07 
 1.09300000e+00  1.36907793e-07 
 1.09400000e+00  1.36908074e-07 
 1.09500000e+00  1.36908446e-07 
 1.09600000e+00  1.36907983e-07 
 1.09700000e+00  1.36908376e-07 
 1.09800000e+00  1.36908785e-07 
 1.09900000e+00  1.36908415e-07 
 1.10000000e+00  1.36908434e-07 
 1.10100000e+00  1.36908556e-07 
 1.10200000e+00  1.36908721e-07 
 1.10300000e+00  1.36908731e-07 
 1.10400000e+00  1.36909171e-07 
 1.10500000e+00  1.36908698e-07 
 1.10600000e+00  1.36908997e-07 
 1.10700000e+00  1.36909381e-07 
 1.10800000e+00  1.36909071e-07 
 1.10900000e+00  1.36910264e-07 
 1.11000000e+00  1.36909296e-07 
 1.11100000e+00  1.36909730e-07 
 1.11200000e+00  1.36909536e-07 
 1.11300000e+00  1.36909686e-07 
 1.11400000e+00  1.36909424e-07 
 1.11500000e+00  1.36910419e-07 
 1.11600000e+00  1.36910380e-07 
 1.11700000e+00  1.36910345e-07 
 1.11800000e+00  1.36910447e-07 
 1.11900000e+00  1.36910057e-07 
 1.12000000e+00  1.36911052e-07 
 1.12100000e+00  1.36910460e-07 
 1.12200000e+00  1.36910205e-07 
 1.12300000e+00  1.36910939e-07 
 1.12400000e+00  1.36910434e-07 
 1.12500000e+00  1.36911318e-07 
 1.12600000e+00  1.36910782e-07 
 1.12700000e+00  1.36912022e-07 
 1.12800000e+00  1.36911390e-07 
 1.12900000e+00  1.36911233e-07 
 1.13000000e+00  1.36911447e-07 
 1.13100000e+00  1.36911065e-07 
 1.13200000e+00  1.36911773e-07 
 1.13300000e+00  1.36911438e-07 
 1.13400000e+00  1.36911894e-07 
 1.13500000e+00  1.36911453e-07 
 1.13600000e+00  1.36911834e-07 
 1.13700000e+00  1.36911898e-07 
 1.13800000e+00  1.36912358e-07 
 1.13900000e+00  1.36912242e-07 
 1.14000000e+00  1.36911990e-07 
 1.14100000e+00  1.36911416e-07 
 1.14200000e+00  1.36912558e-07 
 1.14300000e+00  1.36912234e-07 
 1.14400000e+00  1.36912879e-07 
 1.14500000e+00  1.36912360e-07 
 1.14600000e+00  1.36913039e-07 
 1.14700000e+00  1.36912981e-07 
 1.14800000e+00  1.36912575e-07 
 1.14900000e+00  1.36912925e-07 
 1.15000000e+00  1.36913115e-07 
 1.15100000e+00  1.36913591e-07 
 1.15200000e+00  1.36913349e-07 
 1.15300000e+00  1.36913919e-07 
 1.15400000e+00  1.36913653e-07 
 1.15500000e+00  1.36913229e-07 
 1.15600000e+00  1.36914385e-07 
 1.15700000e+00  1.36914275e-07 
 1.15800000e+00  1.36914478e-07 
 1.15900000e+00  1.36913752e-07 
 1.16000000e+00  1.36914114e-07 
 1.16100000e+00  1.36914788e-07 
 1.16200000e+00  1.36915333e-07 
 1.16300000e+00  1.36914256e-07 
 1.16400000e+00  1.36913921e-07 
 1.16500000e+00  1.36914417e-07 
 1.16600000e+00  1.36914579e-07 
 1.16700000e+00  1.36914510e-07 
 1.16800000e+00  1.36915118e-07 
 1.16900000e+00  1.36915302e-07 
 1.17000000e+00  1.36915728e-07 
 1.17100000e+00  1.36915539e-07 
 1.17200000e+00  1.36915894e-07 
 1.17300000e+00  1.36915973e-07 
 1.17400000e+00  1.36916458e-07 
 1.17500000e+00  1.36915822e-07 
 1.17600000e+00  1.36915900e-07 
 1.17700000e+00  1.36916225e-07 
 1.17800000e+00  1.36916258e-07 
 1.17900000e+00  1.36916228e-07 
 1.18000000e+00  1.36916406e-07 
 1.18100000e+00  1.36917161e-07 
 1.18200000e+00  1.36916517e-07 
 1.18300000e+00  1.36917363e-07 
 1.18400000e+00  1.36917316e-07 
 1.18500000e+00  1.36917332e-07 
 1.18600000e+00  1.36918018e-07 
 1.18700000e+00  1.36917664e-07 
 1.18800000e+00  1.36917300e-07 
 1.18900000e+00  1.36918089e-07 
 1.19000000e+00  1.36917896e-07 
 1.19100000e+00  1.36918057e-07 
 1.19200000e+00  1.36917967e-07 
 1.19300000e+00  1.36917509e-07 
 1.19400000e+00  1.36918300e-07 
 1.19500000e+00  1.36919095e-07 
 1.19600000e+00  1.36918868e-07 
 1.19700000e+00  1.36917969e-07 
 1.19800000e+00  1.36919189e-07 
 1.19900000e+00  1.36919031e-07 
 1.20000000e+00  1.36918777e-07 
 1.20100000e+00  1.36919405e-07 
 1.20200000e+00  1.36919017e-07 
 1.20300000e+00  1.36919065e-07 
 1.20400000e+00  1.36918969e-07 
 1.20500000e+00  1.36919665e-07 
 1.20600000e+00  1.36919127e-07 
 1.20700000e+00  1.36919995e-07 
 1.20800000e+00  1.36919691e-07 
 1.20900000e+00  1.36919448e-07 
 1.21000000e+00  1.36920114e-07 
 1.21100000e+00  1.36919568e-07 
 1.21200000e+00  1.36920188e-07 
 1.21300000e+00  1.36920034e-07 
 1.21400000e+00  1.36920757e-07 
 1.21500000e+00  1.36920853e-07 
 1.21600000e+00  1.36920803e-07 
 1.21700000e+00  1.36920784e-07 
 1.21800000e+00  1.36920951e-07 
 1.21900000e+00  1.36921089e-07 
 1.22000000e+00  1.36921584e-07 
 1.22100000e+00  1.36921195e-07 
 1.22200000e+00  1.36921350e-07 
 1.22300000e+00  1.36921472e-07 
 1.22400000e+00  1.36921658e-07 
 1.22500000e+00  1.36921658e-07 
 1.22600000e+00  1.36922345e-07 
 1.22700000e+00  1.36922500e-07 
 1.22800000e+00  1.36922412e-07 
 1.22900000e+00  1.36922181e-07 
 1.23000000e+00  1.36922271e-07 
 1.23100000e+00  1.36922645e-07 
 1.23200000e+00  1.36922795e-07 
 1.23300000e+00  1.36922603e-07 
 1.23400000e+00  1.36922172e-07 
 1.23500000e+00  1.36923244e-07 
 1.23600000e+00  1.36923146e-07 
 1.23700000e+00  1.36923261e-07 
 1.23800000e+00  1.36923715e-07 
 1.23900000e+00  1.36923788e-07 
 1.24000000e+00  1.36923929e-07 
 1.24100000e+00  1.36923184e-07 
 1.24200000e+00  1.36923414e-07 
 1.24300000e+00  1.36924617e-07 
 1.24400000e+00  1.36924047e-07 
 1.24500000e+00  1.36924783e-07 
 1.24600000e+00  1.36924921e-07 
 1.24700000e+00  1.36924512e-07 
 1.24800000e+00  1.36924505e-07 
 1.24900000e+00  1.36924589e-07 
 1.25000000e+00  1.36924530e-07 
 1.25100000e+00  1.36925551e-07 
 1.25200000e+00  1.36925219e-07 
 1.25300000e+00  1.36924597e-07 
 1.25400000e+00  1.36925300e-07 
 1.25500000e+00  1.36925749e-07 
 1.25600000e+00  1.36925867e-07 
 1.25700000e+00  1.36924749e-07 
 1.25800000e+00  1.36925889e-07 
 1.25900000e+00  1.36925736e-07 
 1.26000000e+00  1.36926733e-07 
 1.26100000e+00  1.36925243e-07 
 1.26200000e+00  1.36925664e-07 
 1.26300000e+00  1.36926270e-07 
 1.26400000e+00  1.36927061e-07 
 1.26500000e+00  1.36926585e-07 
 1.26600000e+00  1.36926516e-07 
 1.26700000e+00  1.36926975e-07 
 1.26800000e+00  1.36926911e-07 
 1.26900000e+00  1.36926680e-07 
 1.27000000e+00  1.36927034e-07 
 1.27100000e+00  1.36928155e-07 
 1.27200000e+00  1.36927507e-07 
 1.27300000e+00  1.36928186e-07 
 1.27400000e+00  1.36927615e-07 
 1.27500000e+00  1.36927590e-07 
 1.27600000e+00  1.36928816e-07 
 1.27700000e+00  1.36928324e-07 
 1.27800000e+00  1.36928782e-07 
 1.27900000e+00  1.36927758e-07 
 1.28000000e+00  1.36927976e-07 
 1.28100000e+00  1.36929116e-07 
 1.28200000e+00  1.36928487e-07 
 1.28300000e+00  1.36928337e-07 
 1.28400000e+00  1.36930254e-07 
 1.28500000e+00  1.36928894e-07 
 1.28600000e+00  1.36928718e-07 
 1.28700000e+00  1.36929465e-07 
 1.28800000e+00  1.36929734e-07 
 1.28900000e+00  1.36929056e-07 
 1.29000000e+00  1.36929434e-07 
 1.29100000e+00  1.36929656e-07 
 1.29200000e+00  1.36929617e-07 
 1.29300000e+00  1.36930266e-07 
 1.29400000e+00  1.36930067e-07 
 1.29500000e+00  1.36930404e-07 
 1.29600000e+00  1.36930473e-07 
 1.29700000e+00  1.36930328e-07 
 1.29800000e+00  1.36931175e-07 
 1.29900000e+00  1.36931161e-07 
 1.30000000e+00  1.36930606e-07 
 1.30100000e+00  1.36931704e-07 
 1.30200000e+00  1.36931095e-07 
 1.30300000e+00  1.36931660e-07 
 1.30400000e+00  1.36932075e-07 
 1.30500000e+00  1.36931730e-07 
 1.30600000e+00  1.36931047e-07 
 1.30700000e+00  1.36931852e-07 
 1.30800000e+00  1.36932571e-07 
 1.30900000e+00  1.36931767e-07 
 1.31000000e+00  1.36932091e-07 
 1.31100000e+00  1.36932539e-07 
 1.31200000e+00  1.36932643e-07 
 1.31300000e+00  1.36932885e-07 
 1.31400000e+00  1.36932903e-07 
 1.31500000e+00  1.36933750e-07 
 1.31600000e+00  1.36932844e-07 
 1.31700000e+00  1.36932141e-07 
 1.31800000e+00  1.36933674e-07 
 1.31900000e+00  1.36933395e-07 
 1.32000000e+00  1.36933916e-07 
 1.32100000e+00  1.36933739e-07 
 1.32200000e+00  1.36932852e-07 
 1.32300000e+00  1.36933402e-07 
 1.32400000e+00  1.36933318e-07 
 1.32500000e+00  1.36934286e-07 
 1.32600000e+00  1.36933554e-07 
 1.32700000e+00  1.36933909e-07 
 1.32800000e+00  1.36934100e-07 
 1.32900000e+00  1.36934413e-07 
 1.33000000e+00  1.36934045e-07 
 1.33100000e+00  1.36934490e-07 
 1.33200000e+00  1.36934726e-07 
 1.33300000e+00  1.36934778e-07 
 1.33400000e+00  1.36934804e-07 
 1.33500000e+00  1.36934782e-07 
 1.33600000e+00  1.36934972e-07 
 1.33700000e+00  1.36935526e-07 
 1.33800000e+00  1.36935266e-07 
 1.33900000e+00  1.36935258e-07 
 1.34000000e+00  1.36935821e-07 
 1.34100000e+00  1.36936492e-07 
 1.34200000e+00  1.36935564e-07 
 1.34300000e+00  1.36935537e-07 
 1.34400000e+00  1.36936392e-07 
 1.34500000e+00  1.36936812e-07 
 1.34600000e+00  1.36936668e-07 
 1.34700000e+00  1.36936595e-07 
 1.34800000e+00  1.36936788e-07 
 1.34900000e+00  1.36937385e-07 
 1.35000000e+00  1.36937240e-07 
 1.35100000e+00  1.36936944e-07 
 1.35200000e+00  1.36936825e-07 
 1.35300000e+00  1.36937845e-07 
 1.35400000e+00  1.36936990e-07 
 1.35500000e+00  1.36937127e-07 
 1.35600000e+00  1.36938330e-07 
 1.35700000e+00  1.36937371e-07 
 1.35800000e+00  1.36937312e-07 
 1.35900000e+00  1.36937757e-07 
 1.36000000e+00  1.36937581e-07 
 1.36100000e+00  1.36938762e-07 
 1.36200000e+00  1.36938103e-07 
 1.36300000e+00  1.36938747e-07 
 1.36400000e+00  1.36938381e-07 
 1.36500000e+00  1.36939553e-07 
 1.36600000e+00  1.36938879e-07 
 1.36700000e+00  1.36938748e-07 
 1.36800000e+00  1.36938682e-07 
 1.36900000e+00  1.36939254e-07 
 1.37000000e+00  1.36938821e-07 
 1.37100000e+00  1.36938594e-07 
 1.37200000e+00  1.36938977e-07 
 1.37300000e+00  1.36940264e-07 
 1.37400000e+00  1.36939360e-07 
 1.37500000e+00  1.36939496e-07 
 1.37600000e+00  1.36939348e-07 
 1.37700000e+00  1.36940224e-07 
 1.37800000e+00  1.36940335e-07 
 1.37900000e+00  1.36940750e-07 
 1.38000000e+00  1.36940252e-07 
 1.38100000e+00  1.36940495e-07 
 1.38200000e+00  1.36940195e-07 
 1.38300000e+00  1.36941038e-07 
 1.38400000e+00  1.36941728e-07 
 1.38500000e+00  1.36941080e-07 
 1.38600000e+00  1.36941354e-07 
 1.38700000e+00  1.36941885e-07 
 1.38800000e+00  1.36941502e-07 
 1.38900000e+00  1.36940935e-07 
 1.39000000e+00  1.36941422e-07 
 1.39100000e+00  1.36942120e-07 
 1.39200000e+00  1.36941808e-07 
 1.39300000e+00  1.36941951e-07 
 1.39400000e+00  1.36942042e-07 
 1.39500000e+00  1.36942396e-07 
 1.39600000e+00  1.36941898e-07 
 1.39700000e+00  1.36942296e-07 
 1.39800000e+00  1.36942462e-07 
 1.39900000e+00  1.36943154e-07 
 1.40000000e+00  1.36942329e-07 
 1.40100000e+00  1.36942706e-07 
 1.40200000e+00  1.36943398e-07 
 1.40300000e+00  1.36943099e-07 
 1.40400000e+00  1.36943318e-07 
 1.40500000e+00  1.36943225e-07 
 1.40600000e+00  1.36942970e-07 
 1.40700000e+00  1.36944315e-07 
 1.40800000e+00  1.36943498e-07 
 1.40900000e+00  1.36943347e-07 
 1.41000000e+00  1.36944883e-07 
 1.41100000e+00  1.36944430e-07 
 1.41200000e+00  1.36944325e-07 
 1.41300000e+00  1.36943366e-07 
 1.41400000e+00  1.36944278e-07 
 1.41500000e+00  1.36944413e-07 
 1.41600000e+00  1.36944865e-07 
 1.41700000e+00  1.36945020e-07 
 1.41800000e+00  1.36945971e-07 
 1.41900000e+00  1.36945575e-07 
 1.42000000e+00  1.36945575e-07 
 1.42100000e+00  1.36944527e-07 
 1.42200000e+00  1.36945834e-07 
 1.42300000e+00  1.36945489e-07 
 1.42400000e+00  1.36945454e-07 
 1.42500000e+00  1.36945728e-07 
 1.42600000e+00  1.36946190e-07 
 1.42700000e+00  1.36945398e-07 
 1.42800000e+00  1.36945462e-07 
 1.42900000e+00  1.36945310e-07 
 1.43000000e+00  1.36945955e-07 
 1.43100000e+00  1.36946097e-07 
 1.43200000e+00  1.36946752e-07 
 1.43300000e+00  1.36947139e-07 
 1.43400000e+00  1.36946793e-07 
 1.43500000e+00  1.36947704e-07 
 1.43600000e+00  1.36947013e-07 
 1.43700000e+00  1.36946939e-07 
 1.43800000e+00  1.36947429e-07 
 1.43900000e+00  1.36948242e-07 
 1.44000000e+00  1.36947581e-07 
 1.44100000e+00  1.36947487e-07 
 1.44200000e+00  1.36947560e-07 
 1.44300000e+00  1.36947574e-07 
 1.44400000e+00  1.36947178e-07 
 1.44500000e+00  1.36947594e-07 
 1.44600000e+00  1.36947576e-07 
 1.44700000e+00  1.36948509e-07 
 1.44800000e+00  1.36948442e-07 
 1.44900000e+00  1.36947886e-07 
 1.45000000e+00  1.36947855e-07 
 1.45100000e+00  1.36948381e-07 
 1.45200000e+00  1.36948849e-07 
 1.45300000e+00  1.36949117e-07 
 1.45400000e+00  1.36949511e-07 
 1.45500000e+00  1.36948797e-07 
 1.45600000e+00  1.36948669e-07 
 1.45700000e+00  1.36949966e-07 
 1.45800000e+00  1.36949212e-07 
 1.45900000e+00  1.36949906e-07 
 1.46000000e+00  1.36950482e-07 
 1.46100000e+00  1.36949473e-07 
 1.46200000e+00  1.36950480e-07 
 1.46300000e+00  1.36950427e-07 
 1.46400000e+00  1.36950131e-07 
 1.46500000e+00  1.36949499e-07 
 1.46600000e+00  1.36950369e-07 
 1.46700000e+00  1.36949970e-07 
 1.46800000e+00  1.36950469e-07 
 1.46900000e+00  1.36950814e-07 
 1.47000000e+00  1.36950941e-07 
 1.47100000e+00  1.36951323e-07 
 1.47200000e+00  1.36951805e-07 
 1.47300000e+00  1.36950788e-07 
 1.47400000e+00  1.36951754e-07 
 1.47500000e+00  1.36951159e-07 
 1.47600000e+00  1.36951539e-07 
 1.47700000e+00  1.36951358e-07 
 1.47800000e+00  1.36952160e-07 
 1.47900000e+00  1.36952620e-07 
 1.48000000e+00  1.36951767e-07 
 1.48100000e+00  1.36951670e-07 
 1.48200000e+00  1.36952664e-07 
 1.48300000e+00  1.36951879e-07 
 1.48400000e+00  1.36953357e-07 
 1.48500000e+00  1.36952855e-07 
 1.48600000e+00  1.36951224e-07 
 1.48700000e+00  1.36952375e-07 
 1.48800000e+00  1.36952232e-07 
 1.48900000e+00  1.36952858e-07 
 1.49000000e+00  1.36952763e-07 
 1.49100000e+00  1.36953516e-07 
 1.49200000e+00  1.36953025e-07 
 1.49300000e+00  1.36953244e-07 
 1.49400000e+00  1.36953346e-07 
 1.49500000e+00  1.36954381e-07 
 1.49600000e+00  1.36953601e-07 
 1.49700000e+00  1.36953649e-07 
 1.49800000e+00  1.36954004e-07 
 1.49900000e+00  1.36954914e-07 
 1.50000000e+00  1.36952764e-07 
 1.50100000e+00  1.36953579e-07 
 1.50200000e+00  1.36954301e-07 
 1.50300000e+00  1.36953796e-07 
 1.50400000e+00  1.36954711e-07 
 1.50500000e+00  1.36954442e-07 
 1.50600000e+00  1.36953705e-07 
 1.50700000e+00  1.36955328e-07 
 1.50800000e+00  1.36955410e-07 
 1.50900000e+00  1.36955278e-07 
 1.51000000e+00  1.36954310e-07 
 1.51100000e+00  1.36954372e-07 
 1.51200000e+00  1.36955261e-07 
 1.51300000e+00  1.36955670e-07 
 1.51400000e+00  1.36955108e-07 
 1.51500000e+00  1.36955877e-07 
 1.51600000e+00  1.36955024e-07 
 1.51700000e+00  1.36955585e-07 
 1.51800000e+00  1.36955514e-07 
 1.51900000e+00  1.36956437e-07 
 1.52000000e+00  1.36956187e-07 
 1.52100000e+00  1.36956658e-07 
 1.52200000e+00  1.36956265e-07 
 1.52300000e+00  1.36956049e-07 
 1.52400000e+00  1.36956225e-07 
 1.52500000e+00  1.36955982e-07 
 1.52600000e+00  1.36955919e-07 
 1.52700000e+00  1.36957052e-07 
 1.52800000e+00  1.36956671e-07 
 1.52900000e+00  1.36957328e-07 
 1.53000000e+00  1.36956201e-07 
 1.53100000e+00  1.36957600e-07 
 1.53200000e+00  1.36956309e-07 
 1.53300000e+00  1.36956945e-07 
 1.53400000e+00  1.36956101e-07 
 1.53500000e+00  1.36957946e-07 
 1.53600000e+00  1.36958604e-07 
 1.53700000e+00  1.36957382e-07 
 1.53800000e+00  1.36957772e-07 
 1.53900000e+00  1.36957886e-07 
 1.54000000e+00  1.36959041e-07 
 1.54100000e+00  1.36958479e-07 
 1.54200000e+00  1.36958161e-07 
 1.54300000e+00  1.36958549e-07 
 1.54400000e+00  1.36958754e-07 
 1.54500000e+00  1.36958145e-07 
 1.54600000e+00  1.36958940e-07 
 1.54700000e+00  1.36958839e-07 
 1.54800000e+00  1.36958071e-07 
 1.54900000e+00  1.36959898e-07 
 1.55000000e+00  1.36959465e-07 
 1.55100000e+00  1.36960057e-07 
 1.55200000e+00  1.36960320e-07 
 1.55300000e+00  1.36960554e-07 
 1.55400000e+00  1.36958912e-07 
 1.55500000e+00  1.36959642e-07 
 1.55600000e+00  1.36960191e-07 
 1.55700000e+00  1.36960003e-07 
 1.55800000e+00  1.36959885e-07 
 1.55900000e+00  1.36959815e-07 
 1.56000000e+00  1.36960571e-07 
 1.56100000e+00  1.36959738e-07 
 1.56200000e+00  1.36960377e-07 
 1.56300000e+00  1.36959755e-07 
 1.56400000e+00  1.36959806e-07 
 1.56500000e+00  1.36960244e-07 
 1.56600000e+00  1.36960936e-07 
 1.56700000e+00  1.36959377e-07 
 1.56800000e+00  1.36961103e-07 
 1.56900000e+00  1.36961088e-07 
 1.57000000e+00  1.36961336e-07 
 1.57100000e+00  1.36960724e-07 
 1.57200000e+00  1.36960943e-07 
 1.57300000e+00  1.36961521e-07 
 1.57400000e+00  1.36961608e-07 
 1.57500000e+00  1.36961588e-07 
 1.57600000e+00  1.36960549e-07 
 1.57700000e+00  1.36961929e-07 
 1.57800000e+00  1.36961973e-07 
 1.57900000e+00  1.36960851e-07 
 1.58000000e+00  1.36960716e-07 
 1.58100000e+00  1.36962087e-07 
 1.58200000e+00  1.36963461e-07 
 1.58300000e+00  1.36961652e-07 
 1.58400000e+00  1.36962915e-07 
 1.58500000e+00  1.36962166e-07 
 1.58600000e+00  1.36962601e-07 
 1.58700000e+00  1.36962954e-07 
 1.58800000e+00  1.36962202e-07 
 1.58900000e+00  1.36962431e-07 
 1.59000000e+00  1.36963294e-07 
 1.59100000e+00  1.36963752e-07 
 1.59200000e+00  1.36962901e-07 
 1.59300000e+00  1.36962795e-07 
 1.59400000e+00  1.36963221e-07 
 1.59500000e+00  1.36963837e-07 
 1.59600000e+00  1.36962882e-07 
 1.59700000e+00  1.36962929e-07 
 1.59800000e+00  1.36964598e-07 
 1.59900000e+00  1.36963291e-07 
 1.60000000e+00  1.36963991e-07 
 1.60100000e+00  1.36964176e-07 
 1.60200000e+00  1.36964581e-07 
 1.60300000e+00  1.36964220e-07 
 1.60400000e+00  1.36965704e-07 
 1.60500000e+00  1.36964451e-07 
 1.60600000e+00  1.36964567e-07 
 1.60700000e+00  1.36963840e-07 
 1.60800000e+00  1.36964463e-07 
 1.60900000e+00  1.36964051e-07 
 1.61000000e+00  1.36964685e-07 
 1.61100000e+00  1.36965182e-07 
 1.61200000e+00  1.36965380e-07 
 1.61300000e+00  1.36964506e-07 
 1.61400000e+00  1.36965135e-07 
 1.61500000e+00  1.36965068e-07 
 1.61600000e+00  1.36966301e-07 
 1.61700000e+00  1.36964821e-07 
 1.61800000e+00  1.36964825e-07 
 1.61900000e+00  1.36966193e-07 
 1.62000000e+00  1.36965457e-07 
 1.62100000e+00  1.36964901e-07 
 1.62200000e+00  1.36965373e-07 
 1.62300000e+00  1.36966114e-07 
 1.62400000e+00  1.36965942e-07 
 1.62500000e+00  1.36965656e-07 
 1.62600000e+00  1.36967169e-07 
 1.62700000e+00  1.36966005e-07 
 1.62800000e+00  1.36965524e-07 
 1.62900000e+00  1.36967347e-07 
 1.63000000e+00  1.36966513e-07 
 1.63100000e+00  1.36966346e-07 
 1.63200000e+00  1.36966072e-07 
 1.63300000e+00  1.36966644e-07 
 1.63400000e+00  1.36966511e-07 
 1.63500000e+00  1.36966684e-07 
 1.63600000e+00  1.36967236e-07 
 1.63700000e+00  1.36967012e-07 
 1.63800000e+00  1.36966769e-07 
 1.63900000e+00  1.36967470e-07 
 1.64000000e+00  1.36968004e-07 
 1.64100000e+00  1.36967047e-07 
 1.64200000e+00  1.36968057e-07 
 1.64300000e+00  1.36968048e-07 
 1.64400000e+00  1.36967749e-07 
 1.64500000e+00  1.36967772e-07 
 1.64600000e+00  1.36967805e-07 
 1.64700000e+00  1.36967442e-07 
 1.64800000e+00  1.36968992e-07 
 1.64900000e+00  1.36967509e-07 
 1.65000000e+00  1.36968328e-07 
 1.65100000e+00  1.36968815e-07 
 1.65200000e+00  1.36968291e-07 
 1.65300000e+00  1.36968834e-07 
 1.65400000e+00  1.36969420e-07 
 1.65500000e+00  1.36970089e-07 
 1.65600000e+00  1.36969887e-07 
 1.65700000e+00  1.36968856e-07 
 1.65800000e+00  1.36968725e-07 
 1.65900000e+00  1.36969310e-07 
 1.66000000e+00  1.36968881e-07 
 1.66100000e+00  1.36969881e-07 
 1.66200000e+00  1.36969321e-07 
 1.66300000e+00  1.36968839e-07 
 1.66400000e+00  1.36969752e-07 
 1.66500000e+00  1.36970863e-07 
 1.66600000e+00  1.36969255e-07 
 1.66700000e+00  1.36969659e-07 
 1.66800000e+00  1.36970513e-07 
 1.66900000e+00  1.36970065e-07 
 1.67000000e+00  1.36970553e-07 
 1.67100000e+00  1.36970286e-07 
 1.67200000e+00  1.36971244e-07 
 1.67300000e+00  1.36969949e-07 
 1.67400000e+00  1.36969868e-07 
 1.67500000e+00  1.36971509e-07 
 1.67600000e+00  1.36970144e-07 
 1.67700000e+00  1.36970886e-07 
 1.67800000e+00  1.36970532e-07 
 1.67900000e+00  1.36971221e-07 
 1.68000000e+00  1.36970592e-07 
 1.68100000e+00  1.36971972e-07 
 1.68200000e+00  1.36971328e-07 
 1.68300000e+00  1.36970932e-07 
 1.68400000e+00  1.36970178e-07 
 1.68500000e+00  1.36972806e-07 
 1.68600000e+00  1.36970791e-07 
 1.68700000e+00  1.36972748e-07 
 1.68800000e+00  1.36972084e-07 
 1.68900000e+00  1.36972275e-07 
 1.69000000e+00  1.36971918e-07 
 1.69100000e+00  1.36972565e-07 
 1.69200000e+00  1.36972915e-07 
 1.69300000e+00  1.36972503e-07 
 1.69400000e+00  1.36971665e-07 
 1.69500000e+00  1.36972859e-07 
 1.69600000e+00  1.36972883e-07 
 1.69700000e+00  1.36972804e-07 
 1.69800000e+00  1.36971876e-07 
 1.69900000e+00  1.36973122e-07 
 1.70000000e+00  1.36972460e-07 
 1.70100000e+00  1.36973016e-07 
 1.70200000e+00  1.36972598e-07 
 1.70300000e+00  1.36972386e-07 
 1.70400000e+00  1.36973430e-07 
 1.70500000e+00  1.36973552e-07 
 1.70600000e+00  1.36972635e-07 
 1.70700000e+00  1.36972664e-07 
 1.70800000e+00  1.36974177e-07 
 1.70900000e+00  1.36973835e-07 
 1.71000000e+00  1.36973131e-07 
 1.71100000e+00  1.36972463e-07 
 1.71200000e+00  1.36973891e-07 
 1.71300000e+00  1.36974667e-07 
 1.71400000e+00  1.36973351e-07 
 1.71500000e+00  1.36974969e-07 
 1.71600000e+00  1.36973567e-07 
 1.71700000e+00  1.36975059e-07 
 1.71800000e+00  1.36973871e-07 
 1.71900000e+00  1.36974163e-07 
 1.72000000e+00  1.36975281e-07 
 1.72100000e+00  1.36973161e-07 
 1.72200000e+00  1.36973866e-07 
 1.72300000e+00  1.36975154e-07 
 1.72400000e+00  1.36974666e-07 
 1.72500000e+00  1.36975502e-07 
 1.72600000e+00  1.36973711e-07 
 1.72700000e+00  1.36975493e-07 
 1.72800000e+00  1.36975601e-07 
 1.72900000e+00  1.36975511e-07 
 1.73000000e+00  1.36975197e-07 
 1.73100000e+00  1.36974275e-07 
 1.73200000e+00  1.36975728e-07 
 1.73300000e+00  1.36975349e-07 
 1.73400000e+00  1.36975866e-07 
 1.73500000e+00  1.36974610e-07 
 1.73600000e+00  1.36975282e-07 
 1.73700000e+00  1.36976067e-07 
 1.73800000e+00  1.36976388e-07 
 1.73900000e+00  1.36975670e-07 
 1.74000000e+00  1.36975274e-07 
 1.74100000e+00  1.36975360e-07 
 1.74200000e+00  1.36976708e-07 
 1.74300000e+00  1.36976774e-07 
 1.74400000e+00  1.36975786e-07 
 1.74500000e+00  1.36975987e-07 
 1.74600000e+00  1.36976395e-07 
 1.74700000e+00  1.36975887e-07 
 1.74800000e+00  1.36976141e-07 
 1.74900000e+00  1.36976858e-07 
 1.75000000e+00  1.36977389e-07 
 1.75100000e+00  1.36977713e-07 
 1.75200000e+00  1.36977444e-07 
 1.75300000e+00  1.36977540e-07 
 1.75400000e+00  1.36976424e-07 
 1.75500000e+00  1.36978324e-07 
 1.75600000e+00  1.36977521e-07 
 1.75700000e+00  1.36976523e-07 
 1.75800000e+00  1.36976641e-07 
 1.75900000e+00  1.36977118e-07 
 1.76000000e+00  1.36978304e-07 
 1.76100000e+00  1.36977129e-07 
 1.76200000e+00  1.36977811e-07 
 1.76300000e+00  1.36978041e-07 
 1.76400000e+00  1.36977749e-07 
 1.76500000e+00  1.36977890e-07 
 1.76600000e+00  1.36978397e-07 
 1.76700000e+00  1.36977429e-07 
 1.76800000e+00  1.36976849e-07 
 1.76900000e+00  1.36978028e-07 
 1.77000000e+00  1.36978058e-07 
 1.77100000e+00  1.36978609e-07 
 1.77200000e+00  1.36977752e-07 
 1.77300000e+00  1.36978801e-07 
 1.77400000e+00  1.36979044e-07 
 1.77500000e+00  1.36979021e-07 
 1.77600000e+00  1.36978870e-07 
 1.77700000e+00  1.36978476e-07 
 1.77800000e+00  1.36978919e-07 
 1.77900000e+00  1.36979145e-07 
 1.78000000e+00  1.36978293e-07 
 1.78100000e+00  1.36979016e-07 
 1.78200000e+00  1.36978953e-07 
 1.78300000e+00  1.36979280e-07 
 1.78400000e+00  1.36979141e-07 
 1.78500000e+00  1.36979815e-07 
 1.78600000e+00  1.36979274e-07 
 1.78700000e+00  1.36979830e-07 
 1.78800000e+00  1.36979351e-07 
 1.78900000e+00  1.36979458e-07 
 1.79000000e+00  1.36980585e-07 
 1.79100000e+00  1.36979727e-07 
 1.79200000e+00  1.36980207e-07 
 1.79300000e+00  1.36979898e-07 
 1.79400000e+00  1.36979734e-07 
 1.79500000e+00  1.36980398e-07 
 1.79600000e+00  1.36979457e-07 
 1.79700000e+00  1.36979256e-07 
 1.79800000e+00  1.36980993e-07 
 1.79900000e+00  1.36980833e-07 
 1.80000000e+00  1.36979872e-07 
