 1.00000000e+00  3.49401957e-06 
 1.25892541e+00  3.15757506e-06 
 1.58489319e+00  2.85427544e-06 
 1.99526231e+00  2.58093452e-06 
 2.51188643e+00  2.33468003e-06 
 3.16227766e+00  2.11292318e-06 
 3.98107171e+00  1.91333121e-06 
 5.01187234e+00  1.73380252e-06 
 6.30957344e+00  1.57244407e-06 
 7.94328235e+00  1.42755092e-06 
 1.00000000e+01  1.29758742e-06 
 1.25892541e+01  1.18117011e-06 
 1.58489319e+01  1.07705189e-06 
 1.99526231e+01  9.84107406e-07 
 2.51188643e+01  9.01319398e-07 
 3.16227766e+01  8.27766010e-07 
 3.98107171e+01  7.62608915e-07 
 5.01187234e+01  7.05082311e-07 
 6.30957344e+01  6.54482873e-07 
 7.94328235e+01  6.10160815e-07 
 1.00000000e+02  5.71512264e-07 
