 1.00000000e-03 -1.85095864e-02  1.00000000e-03 -6.54509516e-06 
 1.25892541e-03 -1.85095864e-02  1.25892541e-03 -8.23978662e-06 
 1.58489319e-03 -1.85095864e-02  1.58489319e-03 -1.03732768e-05 
 1.99526231e-03 -1.85095864e-02  1.99526231e-03 -1.30591817e-05 
 2.51188643e-03 -1.85095864e-02  2.51188643e-03 -1.64405357e-05 
 3.16227766e-03 -1.85095864e-02  3.16227766e-03 -2.06974082e-05 
 3.98107171e-03 -1.85095864e-02  3.98107171e-03 -2.60564932e-05 
 5.01187234e-03 -1.85095864e-02  5.01187234e-03 -3.28031814e-05 
 6.30957344e-03 -1.85095864e-02  6.30957344e-03 -4.12967586e-05 
 7.94328235e-03 -1.85095864e-02  7.94328235e-03 -5.19895388e-05 
 1.00000000e-02 -1.85095864e-02  1.00000000e-02 -6.54509516e-05 
 1.25892541e-02 -1.85095863e-02  1.25892541e-02 -8.23978662e-05 
 1.58489319e-02 -1.85095863e-02  1.58489319e-02 -1.03732768e-04 
 1.99526231e-02 -1.85095863e-02  1.99526231e-02 -1.30591817e-04 
 2.51188643e-02 -1.85095863e-02  2.51188643e-02 -1.64405357e-04 
 3.16227766e-02 -1.85095863e-02  3.16227766e-02 -2.06974082e-04 
 3.98107171e-02 -1.85095862e-02  3.98107171e-02 -2.60564932e-04 
 5.01187234e-02 -1.85095862e-02  5.01187234e-02 -3.28031814e-04 
 6.30957344e-02 -1.85095861e-02  6.30957344e-02 -4.12967586e-04 
 7.94328235e-02 -1.85095859e-02  7.94328235e-02 -5.19895389e-04 
 1.00000000e-01 -1.85095857e-02  1.00000000e-01 -6.54509516e-04 
 1.25892541e-01 -1.85095852e-02  1.25892541e-01 -8.23978662e-04 
 1.58489319e-01 -1.85095846e-02  1.58489319e-01 -1.03732768e-03 
 1.99526231e-01 -1.85095836e-02  1.99526231e-01 -1.30591817e-03 
 2.51188643e-01 -1.85095819e-02  2.51188643e-01 -1.64405357e-03 
 3.16227766e-01 -1.85095793e-02  3.16227766e-01 -2.06974083e-03 
 3.98107171e-01 -1.85095752e-02  3.98107171e-01 -2.60564932e-03 
 5.01187234e-01 -1.85095687e-02  5.01187234e-01 -3.28031816e-03 
 6.30957344e-01 -1.85095584e-02  6.30957344e-01 -4.12967590e-03 
 7.94328235e-01 -1.85095421e-02  7.94328235e-01 -5.19895396e-03 
 1.00000000e+00 -1.85095162e-02  1.00000000e+00 -6.54509531e-03 
 1.25892541e+00 -1.85094752e-02  1.25892541e+00 -8.23978691e-03 
 1.58489319e+00 -1.85094102e-02  1.58489319e+00 -1.03732774e-02 
 1.99526231e+00 -1.85093072e-02  1.99526231e+00 -1.30591829e-02 
 2.51188643e+00 -1.85091439e-02  2.51188643e+00 -1.64405381e-02 
 3.16227766e+00 -1.85088851e-02  3.16227766e+00 -2.06974129e-02 
 3.98107171e+00 -1.85084749e-02  3.98107171e+00 -2.60565025e-02 
 5.01187234e+00 -1.85078248e-02  5.01187234e+00 -3.28032000e-02 
 6.30957344e+00 -1.85067945e-02  6.30957344e+00 -4.12967957e-02 
 7.94328235e+00 -1.85051615e-02  7.94328235e+00 -5.19896128e-02 
 1.00000000e+01 -1.85025735e-02  1.00000000e+01 -6.54510992e-02 
 1.25892541e+01 -1.84984718e-02  1.25892541e+01 -8.23981607e-02 
 1.58489319e+01 -1.84919710e-02  1.58489319e+01 -1.03733355e-01 
 1.99526231e+01 -1.84816681e-02  1.99526231e+01 -1.30592990e-01 
 2.51188643e+01 -1.84653393e-02  2.51188643e+01 -1.64407696e-01 
 3.16227766e+01 -1.84394606e-02  3.16227766e+01 -2.06978749e-01 
 3.98107171e+01 -1.83984475e-02  3.98107171e+01 -2.60574244e-01 
 5.01187234e+01 -1.83334502e-02  5.01187234e+01 -3.28050394e-01 
 6.30957344e+01 -1.82304474e-02  6.30957344e+01 -4.13004658e-01 
 7.94328235e+01 -1.80672262e-02  7.94328235e+01 -5.19969353e-01 
 1.00000000e+02 -1.78086063e-02  1.00000000e+02 -6.54657084e-01 
 1.25892541e+02 -1.73988928e-02  1.25892541e+02 -8.24273066e-01 
 1.58489319e+02 -1.67499706e-02  1.58489319e+02 -1.03791499e+00 
 1.99526231e+02 -1.57225756e-02  1.99526231e+02 -1.30708969e+00 
 2.51188643e+02 -1.40969608e-02  2.51188643e+02 -1.64639006e+00 
 3.16227766e+02 -1.15272728e-02  3.16227766e+02 -2.07439969e+00 
 3.98107171e+02 -7.47139291e-03  3.98107171e+02 -2.61493588e+00 
 5.01187234e+02 -1.08505864e-03  5.01187234e+02 -3.29882049e+00 
 6.30957344e+02  8.93275992e-03  6.30957344e+02 -4.16651632e+00 
 7.94328235e+02  2.45519651e-02  7.94328235e+02 -5.27224617e+00 
 1.00000000e+03  4.86640725e-02  1.00000000e+03 -6.69074039e+00 
 1.25892541e+03  8.52692145e-02  1.25892541e+03 -8.52872434e+00 
 1.58489319e+03  1.39222554e-01  1.58489319e+03 -1.09448940e+01 
 1.99526231e+03  2.14417798e-01  1.99526231e+03 -1.41843326e+01 
 2.51188643e+03  3.07332631e-01  2.51188643e+03 -1.86336423e+01 
 3.16227766e+03  3.88395500e-01  3.16227766e+03 -2.48880498e+01 
 3.98107171e+03  3.57535806e-01  3.98107171e+03 -3.37399906e+01 
 5.01187234e+03 -2.47009923e-02  5.01187234e+03 -4.57556005e+01 
 6.30957344e+03 -1.11758028e+00  6.30957344e+03 -6.00412250e+01 
 7.94328235e+03 -3.09655832e+00  7.94328235e+03 -7.35539572e+01 
 1.00000000e+04 -5.70290710e+00  1.00000000e+04 -8.34131876e+01 
 1.25892541e+04 -8.52706578e+00  1.25892541e+04 -8.90755681e+01 
 1.58489319e+04 -1.13129638e+01  1.58489319e+04 -9.14627383e+01 
 1.99526231e+04 -1.39677591e+01  1.99526231e+04 -9.16264394e+01 
 2.51188643e+04 -1.64783668e+01  2.51188643e+04 -9.02654858e+01 
 3.16227766e+04 -1.88478910e+01  3.16227766e+04 -8.77255349e+01 
 3.98107171e+04 -2.10624142e+01  3.98107171e+04 -8.41785342e+01 
 5.01187234e+04 -2.30894011e+01  5.01187234e+04 -7.98543441e+01 
 6.30957344e+04 -2.49065631e+01  6.30957344e+04 -7.51576335e+01 
 7.94328235e+04 -2.65308547e+01  7.94328235e+04 -7.05205743e+01 
 1.00000000e+05 -2.80060489e+01  1.00000000e+05 -6.61494733e+01 
 1.25892541e+05 -2.93606585e+01  1.25892541e+05 -6.20074853e+01 
 1.58489319e+05 -3.05890330e+01  1.58489319e+05 -5.80571225e+01 
 1.99526231e+05 -3.16752435e+01  1.99526231e+05 -5.44657892e+01 
 2.51188643e+05 -3.26294142e+01  2.51188643e+05 -5.15610993e+01 
 3.16227766e+05 -3.34989865e+01  3.16227766e+05 -4.96185329e+01 
 3.98107171e+05 -3.43512328e+01  3.98107171e+05 -4.87001259e+01 
 5.01187234e+05 -3.52480806e+01  5.01187234e+05 -4.86341829e+01 
 6.30957344e+05 -3.62281353e+01  6.30957344e+05 -4.90931748e+01 
 7.94328235e+05 -3.73002697e+01  7.94328235e+05 -4.97130934e+01 
 1.00000000e+06 -3.84494705e+01  1.00000000e+06 -5.02030732e+01 
