-5.00000000e-03  7.13390757e-02 
-4.90000000e-03  7.18483974e-02 
-4.80000000e-03  7.23801325e-02 
-4.70000000e-03  7.29183025e-02 
-4.60000000e-03  7.34689856e-02 
-4.50000000e-03  7.40328349e-02 
-4.40000000e-03  7.46105398e-02 
-4.30000000e-03  7.52028501e-02 
-4.20000000e-03  7.58105816e-02 
-4.10000000e-03  7.64346234e-02 
-4.00000000e-03  7.70759472e-02 
-3.90000000e-03  7.77356184e-02 
-3.80000000e-03  7.84148082e-02 
-3.70000000e-03  7.91148084e-02 
-3.60000000e-03  7.98370484e-02 
-3.50000000e-03  8.05831159e-02 
-3.40000000e-03  8.13547810e-02 
-3.30000000e-03  8.21540255e-02 
-3.20000000e-03  8.29830773e-02 
-3.10000000e-03  8.38444536e-02 
-3.00000000e-03  8.47410127e-02 
-2.90000000e-03  8.56760176e-02 
-2.80000000e-03  8.66532158e-02 
-2.70000000e-03  8.76769387e-02 
-2.60000000e-03  8.87522276e-02 
-2.50000000e-03  8.98849947e-02 
-2.40000000e-03  9.10822313e-02 
-2.30000000e-03  9.23522804e-02 
-2.20000000e-03  9.37051988e-02 
-2.10000000e-03  9.51532442e-02 
-2.00000000e-03  9.67115426e-02 
-1.90000000e-03  9.83990187e-02 
-1.80000000e-03  1.00239718e-01 
-1.70000000e-03  1.02264727e-01 
-1.60000000e-03  1.04515036e-01 
-1.50000000e-03  1.07045908e-01 
-1.40000000e-03  1.09933750e-01 
-1.30000000e-03  1.13287262e-01 
-1.20000000e-03  1.17266048e-01 
-1.10000000e-03  1.22112556e-01 
-1.00000000e-03  1.28207410e-01 
-9.00000000e-04  1.36162167e-01 
-8.00000000e-04  1.46950009e-01 
-7.00000000e-04  1.62153152e-01 
-6.00000000e-04  1.82694765e-01 
-5.00000000e-04  2.09372120e-01 
-4.00000000e-04  2.40836260e-01 
-3.00000000e-04  2.75460869e-01 
-2.00000000e-04  3.12154694e-01 
-1.00000000e-04  3.50281904e-01 
-2.71050543e-19  3.89491816e-01 
 1.00000000e-04  4.29590245e-01 
 2.00000000e-04  4.70465270e-01 
 3.00000000e-04  5.12048305e-01 
 4.00000000e-04  5.54293533e-01 
 5.00000000e-04  5.97166311e-01 
 6.00000000e-04  6.40635824e-01 
 7.00000000e-04  6.84669385e-01 
 8.00000000e-04  7.29226765e-01 
 9.00000000e-04  7.74253004e-01 
 1.00000000e-03  8.19667757e-01 
 1.10000000e-03  8.65347990e-01 
 1.20000000e-03  9.11098588e-01 
 1.30000000e-03  9.56601756e-01 
 1.40000000e-03  1.00133275e+00 
 1.50000000e-03  1.04443772e+00 
 1.60000000e-03  1.08462819e+00 
 1.70000000e-03  1.12029905e+00 
 1.80000000e-03  1.15010782e+00 
 1.90000000e-03  1.17367452e+00 
 2.00000000e-03  1.19168897e+00 
 2.10000000e-03  1.20542580e+00 
 2.20000000e-03  1.21613427e+00 
 2.30000000e-03  1.22472019e+00 
 2.40000000e-03  1.23177503e+00 
 2.50000000e-03  1.23769605e+00 
 2.60000000e-03  1.24275949e+00 
 2.70000000e-03  1.24716045e+00 
 2.80000000e-03  1.25103923e+00 
 2.90000000e-03  1.25449883e+00 
 3.00000000e-03  1.25761638e+00 
 3.10000000e-03  1.26045071e+00 
 3.20000000e-03  1.26304748e+00 
 3.30000000e-03  1.26544263e+00 
 3.40000000e-03  1.26766490e+00 
 3.50000000e-03  1.26973752e+00 
 3.60000000e-03  1.27167953e+00 
 3.70000000e-03  1.27350667e+00 
 3.80000000e-03  1.27523208e+00 
 3.90000000e-03  1.27686684e+00 
 4.00000000e-03  1.27842036e+00 
 4.10000000e-03  1.27990069e+00 
 4.20000000e-03  1.28131476e+00 
 4.30000000e-03  1.28266859e+00 
 4.40000000e-03  1.28396742e+00 
 4.50000000e-03  1.28521584e+00 
 4.60000000e-03  1.28641792e+00 
 4.70000000e-03  1.28757723e+00 
 4.80000000e-03  1.28869696e+00 
 4.90000000e-03  1.28977997e+00 
 5.00000000e-03  1.29082880e+00 
