 1.00280000e+00  9.15832810e-01  1.00280000e+00  9.14530760e-01  1.00280000e+00 -2.45451197e-08 
 1.01280000e+00  9.72304290e-01  1.01280000e+00  9.70866386e-01  1.01280000e+00 -2.45280975e-08 
 1.02280000e+00  1.02849042e+00  1.02280000e+00  1.02695058e+00  1.02280000e+00 -2.45132680e-08 
 1.03280000e+00  1.08416945e+00  1.03280000e+00  1.08249866e+00  1.03280000e+00 -2.44871680e-08 
 1.04280000e+00  1.13912166e+00  1.04280000e+00  1.13735456e+00  1.04280000e+00 -2.44514633e-08 
 1.05280000e+00  1.19313015e+00  1.05280000e+00  1.19123768e+00  1.05280000e+00 -2.43670565e-08 
 1.06280000e+00  1.24598180e+00  1.06280000e+00  1.24399727e+00  1.06280000e+00 -2.41235046e-08 
 1.07280000e+00  1.29746802e+00  1.07280000e+00  1.29535344e+00  1.07280000e+00 -2.32249428e-08 
 1.08280000e+00  1.34738561e+00  1.08280000e+00  1.34516036e+00  1.08280000e+00 -2.08040084e-08 
 1.09280000e+00  1.39553757e+00  1.09280000e+00  1.39313256e+00  1.09280000e+00 -1.67285554e-08 
 1.10280000e+00  1.44173388e+00  1.10280000e+00  1.43912338e+00  1.10280000e+00 -1.22371454e-08 
 1.11280000e+00  1.48579220e+00  1.11280000e+00  1.48267771e+00  1.11280000e+00 -8.75946897e-09 
 1.12280000e+00  1.52753868e+00  1.12280000e+00  1.52356207e+00  1.12280000e+00 -6.72462604e-09 
 1.13280000e+00  1.56680854e+00  1.13280000e+00  1.56067137e+00  1.13280000e+00 -5.74502387e-09 
 1.14280000e+00  1.60344682e+00  1.14280000e+00  1.59386947e+00  1.14280000e+00 -5.32120704e-09 
 1.15280000e+00  1.63730891e+00  1.15280000e+00  1.62131240e+00  1.15280000e+00 -5.14501153e-09 
 1.16280000e+00  1.66826118e+00  1.16280000e+00  1.64473235e+00  1.16280000e+00 -5.07065450e-09 
 1.17280000e+00  1.69618148e+00  1.17280000e+00  1.66269828e+00  1.17280000e+00 -5.03748911e-09 
 1.18280000e+00  1.72095961e+00  1.18280000e+00  1.67744242e+00  1.18280000e+00 -5.02203413e-09 
 1.19280000e+00  1.74249779e+00  1.19280000e+00  1.68926931e+00  1.19280000e+00 -5.01386294e-09 
 1.20280000e+00  1.76071101e+00  1.20280000e+00  1.69893122e+00  1.20280000e+00 -5.00999058e-09 
 1.21280000e+00  1.77552740e+00  1.21280000e+00  1.70696984e+00  1.21280000e+00 -5.00785110e-09 
 1.22280000e+00  1.78688849e+00  1.22280000e+00  1.71374151e+00  1.22280000e+00 -5.00691914e-09 
 1.23280000e+00  1.79474943e+00  1.23280000e+00  1.71952397e+00  1.23280000e+00 -5.00648052e-09 
 1.24280000e+00  1.79907920e+00  1.24280000e+00  1.72452068e+00  1.24280000e+00 -5.00675906e-09 
 1.25280000e+00  1.79986072e+00  1.25280000e+00  1.72885887e+00  1.25280000e+00 -5.00684830e-09 
 1.26280000e+00  1.79709090e+00  1.26280000e+00  1.73266522e+00  1.26280000e+00 -5.00784371e-09 
 1.27280000e+00  1.79078068e+00  1.27280000e+00  1.73598576e+00  1.27280000e+00 -5.00839712e-09 
 1.28280000e+00  1.78095494e+00  1.28280000e+00  1.73888940e+00  1.28280000e+00 -5.00954139e-09 
 1.29280000e+00  1.76765248e+00  1.29280000e+00  1.74136127e+00  1.29280000e+00 -5.01060315e-09 
 1.30280000e+00  1.75092580e+00  1.30280000e+00  1.74337762e+00  1.30280000e+00 -5.01209371e-09 
 1.31280000e+00  1.73084090e+00  1.31280000e+00  1.74476115e+00  1.31280000e+00 -5.01440795e-09 
 1.32280000e+00  1.70747704e+00  1.32280000e+00  1.74503458e+00  1.32280000e+00 -5.01838495e-09 
 1.33280000e+00  1.68092645e+00  1.33280000e+00  1.74236105e+00  1.33280000e+00 -5.02714409e-09 
 1.34280000e+00  1.65129389e+00  1.34280000e+00  1.72736716e+00  1.34280000e+00 -5.05392658e-09 
 1.35280000e+00  1.61869633e+00  1.35280000e+00  1.66503760e+00  1.35280000e+00 -5.15798739e-09 
 1.36280000e+00  1.58326239e+00  1.36280000e+00  1.58848055e+00  1.36280000e+00 -5.46925966e-09 
 1.37280000e+00  1.54513193e+00  1.37280000e+00  1.54492467e+00  1.37280000e+00 -6.14952549e-09 
 1.38280000e+00  1.50445543e+00  1.38280000e+00  1.50344659e+00  1.38280000e+00 -7.67015677e-09 
 1.39280000e+00  1.46139342e+00  1.39280000e+00  1.45989377e+00  1.39280000e+00 -1.05111960e-08 
 1.40280000e+00  1.41611585e+00  1.40280000e+00  1.41434086e+00  1.40280000e+00 -1.47169381e-08 
 1.41280000e+00  1.36880140e+00  1.41280000e+00  1.36691306e+00  1.41280000e+00 -1.92026306e-08 
 1.42280000e+00  1.31963681e+00  1.42280000e+00  1.31776327e+00  1.42280000e+00 -2.24447642e-08 
 1.43280000e+00  1.26881611e+00  1.43280000e+00  1.26699788e+00  1.43280000e+00 -2.39148005e-08 
 1.44280000e+00  1.21653985e+00  1.44280000e+00  1.21482468e+00  1.44280000e+00 -2.43669464e-08 
 1.45280000e+00  1.16301436e+00  1.45280000e+00  1.16139640e+00  1.45280000e+00 -2.44813557e-08 
 1.46280000e+00  1.10845087e+00  1.46280000e+00  1.10695526e+00  1.46280000e+00 -2.45362072e-08 
 1.47280000e+00  1.05306472e+00  1.47280000e+00  1.05167016e+00  1.47280000e+00 -2.45605195e-08 
 1.48280000e+00  9.97074490e-01  1.48280000e+00  9.95807507e-01  1.48280000e+00 -2.45829954e-08 
 1.49280000e+00  9.40701155e-01  1.49280000e+00  9.39539056e-01  1.49280000e+00 -2.45946936e-08 
 1.50280000e+00  8.84167190e-01  1.50280000e+00  8.83136244e-01  1.50280000e+00 -2.46106162e-08 
 1.51280000e+00  8.27695710e-01  1.51280000e+00  8.26772149e-01  1.51280000e+00 -2.46187070e-08 
 1.52280000e+00  7.71509582e-01  1.52280000e+00  7.70719387e-01  1.52280000e+00 -2.46326929e-08 
 1.53280000e+00  7.15830547e-01  1.53280000e+00  7.15148846e-01  1.53280000e+00 -2.46392099e-08 
 1.54280000e+00  6.60878345e-01  1.54280000e+00  6.60330768e-01  1.54280000e+00 -2.46519953e-08 
 1.55280000e+00  6.06869846e-01  1.55280000e+00  6.06430355e-01  1.55280000e+00 -2.46577515e-08 
 1.56280000e+00  5.54018199e-01  1.56280000e+00  5.53712031e-01  1.56280000e+00 -2.46692996e-08 
 1.57280000e+00  5.02531984e-01  1.57280000e+00  5.02331920e-01  1.57280000e+00 -2.46742571e-08 
 1.58280000e+00  4.52614393e-01  1.58280000e+00  4.52545319e-01  1.58280000e+00 -2.46851573e-08 
 1.59280000e+00  4.04462429e-01  1.59280000e+00  4.04496087e-01  1.59280000e+00 -2.46893570e-08 
 1.60280000e+00  3.58266125e-01  1.60280000e+00  3.58427357e-01  1.60280000e+00 -2.46990138e-08 
 1.61280000e+00  3.14207797e-01  1.61280000e+00  3.14467963e-01  1.61280000e+00 -2.47021738e-08 
 1.62280000e+00  2.72461324e-01  1.62280000e+00  2.72846597e-01  1.62280000e+00 -2.47113973e-08 
 1.63280000e+00  2.33191459e-01  1.63280000e+00  2.33675934e-01  1.63280000e+00 -2.47133654e-08 
 1.64280000e+00  1.96553183e-01  1.64280000e+00  1.97172142e-01  1.64280000e+00 -2.47212553e-08 
 1.65280000e+00  1.62691090e-01  1.65280000e+00  1.63444033e-01  1.65280000e+00 -2.47225517e-08 
 1.66280000e+00  1.31738818e-01  1.66280000e+00  1.32748647e-01  1.66280000e+00 -2.47292651e-08 
 1.67280000e+00  1.03818522e-01  1.67280000e+00  1.05409845e-01  1.67280000e+00 -2.47293121e-08 
 1.68280000e+00  7.90403910e-02  1.68280000e+00  8.23296567e-02  1.68280000e+00 -2.47342751e-08 
 1.69280000e+00  5.75022123e-02  1.69280000e+00  6.40550837e-02  1.69280000e+00 -2.47325993e-08 
 1.70280000e+00  3.92889875e-02  1.70280000e+00  5.04940046e-02  1.70280000e+00 -2.47364696e-08 
 1.71280000e+00  2.44725958e-02  1.71280000e+00  4.09119465e-02  1.71280000e+00 -2.47339769e-08 
 1.72280000e+00  1.31115109e-02  1.72280000e+00  3.45205043e-02  1.72280000e+00 -2.47371171e-08 
 1.73280000e+00  5.25056955e-03  1.73280000e+00  3.05474124e-02  1.73280000e+00 -2.47345015e-08 
 1.74280000e+00  9.20795471e-04  1.74280000e+00  2.85333698e-02  1.74280000e+00 -2.47367544e-08 
 1.75280000e+00  1.39276265e-04  1.75280000e+00  2.81663446e-02  1.75280000e+00 -2.47330899e-08 
 1.76280000e+00  2.90909623e-03  1.76280000e+00  2.94411295e-02  1.76280000e+00 -2.47348288e-08 
 1.77280000e+00  9.21932415e-03  1.77280000e+00  3.24837854e-02  1.77280000e+00 -2.47299388e-08 
 1.78280000e+00  1.90450564e-02  1.78280000e+00  3.77357219e-02  1.78280000e+00 -2.47306069e-08 
 1.79280000e+00  3.23475154e-02  1.79280000e+00  4.57855842e-02  1.79280000e+00 -2.47242047e-08 
 1.80280000e+00  4.90742024e-02  1.80280000e+00  5.74924958e-02  1.80280000e+00 -2.47233472e-08 
 1.81280000e+00  6.91591047e-02  1.81280000e+00  7.36018004e-02  1.81280000e+00 -2.47154594e-08 
 1.82280000e+00  9.25229564e-02  1.82280000e+00  9.46124599e-02  1.82280000e+00 -2.47126991e-08 
 1.83280000e+00  1.19073551e-01  1.83280000e+00  1.20170468e-01  1.83280000e+00 -2.47038663e-08 
 1.84280000e+00  1.48706106e-01  1.84280000e+00  1.49460276e-01  1.84280000e+00 -2.47004045e-08 
 1.85280000e+00  1.81303674e-01  1.85280000e+00  1.81858510e-01  1.85280000e+00 -2.46906197e-08 
 1.86280000e+00  2.16737609e-01  1.86280000e+00  2.17169532e-01  1.86280000e+00 -2.46862028e-08 
 1.87280000e+00  2.54868068e-01  1.87280000e+00  2.55161462e-01  1.87280000e+00 -2.46758331e-08 
 1.88280000e+00  2.95544568e-01  1.88280000e+00  2.95732303e-01  1.88280000e+00 -2.46703896e-08 
 1.89280000e+00  3.38606577e-01  1.89280000e+00  3.38659356e-01  1.89280000e+00 -2.46593630e-08 
 1.90280000e+00  3.83884150e-01  1.90280000e+00  3.83830321e-01  1.90280000e+00 -2.46532048e-08 
 1.91280000e+00  4.31198596e-01  1.91280000e+00  4.31007084e-01  1.91280000e+00 -2.46410577e-08 
 1.92280000e+00  4.80363188e-01  1.92280000e+00  4.80062288e-01  1.92280000e+00 -2.46343513e-08 
 1.93280000e+00  5.31183894e-01  1.93280000e+00  5.30742676e-01  1.93280000e+00 -2.46217883e-08 
 1.94280000e+00  5.83460148e-01  1.94280000e+00  5.82907738e-01  1.94280000e+00 -2.46141798e-08 
 1.95280000e+00  6.36985641e-01  1.95280000e+00  6.36291680e-01  1.95280000e+00 -2.46010997e-08 
 1.96280000e+00  6.91549132e-01  1.96280000e+00  6.90743772e-01  1.96280000e+00 -2.45929669e-08 
 1.97280000e+00  7.46935282e-01  1.97280000e+00  7.45988814e-01  1.97280000e+00 -2.45794681e-08 
 1.98280000e+00  8.02925510e-01  1.98280000e+00  8.01869120e-01  1.98280000e+00 -2.45702856e-08 
 1.99280000e+00  8.59298845e-01  1.99280000e+00  8.58103436e-01  1.99280000e+00 -2.45556267e-08 
 2.00280000e+00  9.15832810e-01  2.00280000e+00  9.14530544e-01  2.00280000e+00 -2.45450871e-08 
 2.01280000e+00  9.72304290e-01  2.01280000e+00  9.70866603e-01  2.01280000e+00 -2.45282352e-08 
 2.02280000e+00  1.02849042e+00  2.02280000e+00  1.02695036e+00  2.02280000e+00 -2.45130931e-08 
 2.03280000e+00  1.08416945e+00  2.03280000e+00  1.08249888e+00  2.03280000e+00 -2.44872426e-08 
 2.04280000e+00  1.13912166e+00  2.04280000e+00  1.13735433e+00  2.04280000e+00 -2.44514150e-08 
 2.05280000e+00  1.19313015e+00  2.05280000e+00  1.19123790e+00  2.05280000e+00 -2.43670856e-08 
 2.06280000e+00  1.24598180e+00  2.06280000e+00  1.24399704e+00  2.06280000e+00 -2.41234208e-08 
 2.07280000e+00  1.29746802e+00  2.07280000e+00  1.29535369e+00  2.07280000e+00 -2.32249758e-08 
 2.08280000e+00  1.34738561e+00  2.08280000e+00  1.34516007e+00  2.08280000e+00 -2.08039133e-08 
 2.09280000e+00  1.39553757e+00  2.09280000e+00  1.39313292e+00  2.09280000e+00 -1.67286720e-08 
 2.10280000e+00  1.44173388e+00  2.10280000e+00  1.43912283e+00  2.10280000e+00 -1.22370376e-08 
 2.11280000e+00  1.48579220e+00  2.11280000e+00  1.48267865e+00  2.11280000e+00 -8.75940537e-09 
 2.12280000e+00  1.52753868e+00  2.12280000e+00  1.52356040e+00  2.12280000e+00 -6.72474126e-09 
 2.13280000e+00  1.56680854e+00  2.13280000e+00  1.56067390e+00  2.13280000e+00 -5.74499360e-09 
 2.14280000e+00  1.60344682e+00  2.14280000e+00  1.59386719e+00  2.14280000e+00 -5.32122768e-09 
 2.15280000e+00  1.63730891e+00  2.15280000e+00  1.62130988e+00  2.15280000e+00 -5.14492968e-09 
 2.16280000e+00  1.66826118e+00  2.16280000e+00  1.64473903e+00  2.16280000e+00 -5.07071936e-09 
 2.17280000e+00  1.69618148e+00  2.17280000e+00  1.66269417e+00  2.17280000e+00 -5.03745785e-09 
 2.18280000e+00  1.72095961e+00  2.18280000e+00  1.67744269e+00  2.18280000e+00 -5.02203060e-09 
 2.19280000e+00  1.74249779e+00  2.19280000e+00  1.68926917e+00  2.19280000e+00 -5.01378196e-09 
 2.20280000e+00  1.76071101e+00  2.20280000e+00  1.69893136e+00  2.20280000e+00 -5.00996129e-09 
 2.21280000e+00  1.77552740e+00  2.21280000e+00  1.70696972e+00  2.21280000e+00 -5.00767388e-09 
 2.22280000e+00  1.78688849e+00  2.22280000e+00  1.71374162e+00  2.22280000e+00 -5.00704104e-09 
 2.23280000e+00  1.79474943e+00  2.23280000e+00  1.71952388e+00  2.23280000e+00 -5.00651516e-09 
 2.24280000e+00  1.79907920e+00  2.24280000e+00  1.72452073e+00  2.24280000e+00 -5.00680519e-09 
 2.25280000e+00  1.79986072e+00  2.25280000e+00  1.72885884e+00  2.25280000e+00 -5.00683844e-09 
 2.26280000e+00  1.79709090e+00  2.26280000e+00  1.73266522e+00  2.26280000e+00 -5.00788788e-09 
 2.27280000e+00  1.79078068e+00  2.27280000e+00  1.73598579e+00  2.27280000e+00 -5.00834413e-09 
 2.28280000e+00  1.78095494e+00  2.28280000e+00  1.73888936e+00  2.28280000e+00 -5.00954100e-09 
 2.29280000e+00  1.76765248e+00  2.29280000e+00  1.74136133e+00  2.29280000e+00 -5.01050036e-09 
 2.30280000e+00  1.75092580e+00  2.30280000e+00  1.74337754e+00  2.30280000e+00 -5.01220496e-09 
 2.31280000e+00  1.73084090e+00  2.31280000e+00  1.74476123e+00  2.31280000e+00 -5.01432119e-09 
 2.32280000e+00  1.70747704e+00  2.32280000e+00  1.74503450e+00  2.32280000e+00 -5.01840409e-09 
 2.33280000e+00  1.68092645e+00  2.33280000e+00  1.74236115e+00  2.33280000e+00 -5.02703533e-09 
 2.34280000e+00  1.65129389e+00  2.34280000e+00  1.72736713e+00  2.34280000e+00 -5.05393872e-09 
 2.35280000e+00  1.61869633e+00  2.35280000e+00  1.66503765e+00  2.35280000e+00 -5.15800339e-09 
 2.36280000e+00  1.58326239e+00  2.36280000e+00  1.58848044e+00  2.36280000e+00 -5.46919360e-09 
 2.37280000e+00  1.54513193e+00  2.37280000e+00  1.54492482e+00  2.37280000e+00 -6.14956997e-09 
 2.38280000e+00  1.50445543e+00  2.38280000e+00  1.50344650e+00  2.38280000e+00 -7.67018044e-09 
 2.39280000e+00  1.46139342e+00  2.39280000e+00  1.45989380e+00  2.39280000e+00 -1.05111829e-08 
 2.40280000e+00  1.41611585e+00  2.40280000e+00  1.41434083e+00  2.40280000e+00 -1.47169032e-08 
 2.41280000e+00  1.36880140e+00  2.41280000e+00  1.36691308e+00  2.41280000e+00 -1.92026741e-08 
 2.42280000e+00  1.31963681e+00  2.42280000e+00  1.31776325e+00  2.42280000e+00 -2.24447509e-08 
 2.43280000e+00  1.26881611e+00  2.43280000e+00  1.26699790e+00  2.43280000e+00 -2.39149026e-08 
 2.44280000e+00  1.21653985e+00  2.44280000e+00  1.21482466e+00  2.44280000e+00 -2.43668050e-08 
 2.45280000e+00  1.16301436e+00  2.45280000e+00  1.16139643e+00  2.45280000e+00 -2.44814272e-08 
 2.46280000e+00  1.10845087e+00  2.46280000e+00  1.10695523e+00  2.46280000e+00 -2.45361270e-08 
 2.47280000e+00  1.05306472e+00  2.47280000e+00  1.05167019e+00  2.47280000e+00 -2.45605794e-08 
 2.48280000e+00  9.97074490e-01  2.48280000e+00  9.95807468e-01  2.48280000e+00 -2.45828182e-08 
 2.49280000e+00  9.40701155e-01  2.49280000e+00  9.39539098e-01  2.49280000e+00 -2.45947350e-08 
 2.50280000e+00  8.84167190e-01  2.50280000e+00  8.83136198e-01  2.50280000e+00 -2.46104443e-08 
 2.51280000e+00  8.27695710e-01  2.51280000e+00  8.26772198e-01  2.51280000e+00 -2.46188950e-08 
 2.52280000e+00  7.71509582e-01  2.52280000e+00  7.70719335e-01  2.52280000e+00 -2.46325566e-08 
 2.53280000e+00  7.15830547e-01  2.53280000e+00  7.15148901e-01  2.53280000e+00 -2.46392780e-08 
 2.54280000e+00  6.60878345e-01  2.54280000e+00  6.60330709e-01  2.54280000e+00 -2.46519107e-08 
 2.55280000e+00  6.06869846e-01  2.55280000e+00  6.06430416e-01  2.55280000e+00 -2.46579337e-08 
 2.56280000e+00  5.54018199e-01  2.56280000e+00  5.53711966e-01  2.56280000e+00 -2.46692221e-08 
 2.57280000e+00  5.02531984e-01  2.57280000e+00  5.02331987e-01  2.57280000e+00 -2.46743349e-08 
 2.58280000e+00  4.52614393e-01  2.58280000e+00  4.52545249e-01  2.58280000e+00 -2.46849985e-08 
 2.59280000e+00  4.04462429e-01  2.59280000e+00  4.04496159e-01  2.59280000e+00 -2.46893582e-08 
 2.60280000e+00  3.58266125e-01  2.60280000e+00  3.58427281e-01  2.60280000e+00 -2.46990636e-08 
 2.61280000e+00  3.14207797e-01  2.61280000e+00  3.14468041e-01  2.61280000e+00 -2.47021953e-08 
 2.62280000e+00  2.72461324e-01  2.62280000e+00  2.72846516e-01  2.62280000e+00 -2.47112406e-08 
 2.63280000e+00  2.33191459e-01  2.63280000e+00  2.33676017e-01  2.63280000e+00 -2.47133371e-08 
 2.64280000e+00  1.96553183e-01  2.64280000e+00  1.97172055e-01  2.64280000e+00 -2.47211726e-08 
 2.65280000e+00  1.62691090e-01  2.65280000e+00  1.63444122e-01  2.65280000e+00 -2.47225640e-08 
 2.66280000e+00  1.31738818e-01  2.66280000e+00  1.32748554e-01  2.66280000e+00 -2.47291983e-08 
 2.67280000e+00  1.03818522e-01  2.67280000e+00  1.05409942e-01  2.67280000e+00 -2.47291413e-08 
 2.68280000e+00  7.90403910e-02  2.68280000e+00  8.23295691e-02  2.68280000e+00 -2.47342794e-08 
 2.69280000e+00  5.75022123e-02  2.69280000e+00  6.40551645e-02  2.69280000e+00 -2.47326957e-08 
 2.70280000e+00  3.92889875e-02  2.70280000e+00  5.04939321e-02  2.70280000e+00 -2.47363825e-08 
 2.71280000e+00  2.44725958e-02  2.71280000e+00  4.09120111e-02  2.71280000e+00 -2.47340264e-08 
 2.72280000e+00  1.31115109e-02  2.72280000e+00  3.45204460e-02  2.72280000e+00 -2.47370522e-08 
 2.73280000e+00  5.25056955e-03  2.73280000e+00  3.05474667e-02  2.73280000e+00 -2.47345091e-08 
 2.74280000e+00  9.20795471e-04  2.74280000e+00  2.85333175e-02  2.74280000e+00 -2.47367732e-08 
 2.75280000e+00  1.39276265e-04  2.75280000e+00  2.81663973e-02  2.75280000e+00 -2.47332131e-08 
 2.76280000e+00  2.90909623e-03  2.76280000e+00  2.94410742e-02  2.76280000e+00 -2.47347753e-08 
 2.77280000e+00  9.21932415e-03  2.77280000e+00  3.24838460e-02  2.77280000e+00 -2.47299760e-08 
 2.78280000e+00  1.90450564e-02  2.78280000e+00  3.77356530e-02  2.78280000e+00 -2.47305006e-08 
 2.79280000e+00  3.23475154e-02  2.79280000e+00  4.57856646e-02  2.79280000e+00 -2.47243427e-08 
 2.80280000e+00  4.90742024e-02  2.80280000e+00  5.74924015e-02  2.80280000e+00 -2.47232871e-08 
 2.81280000e+00  6.91591047e-02  2.81280000e+00  7.36019095e-02  2.81280000e+00 -2.47156428e-08 
 2.82280000e+00  9.25229564e-02  2.82280000e+00  9.46123384e-02  2.82280000e+00 -2.47126033e-08 
 2.83280000e+00  1.19073551e-01  2.83280000e+00  1.20170597e-01  2.83280000e+00 -2.47039209e-08 
 2.84280000e+00  1.48706106e-01  2.84280000e+00  1.49460143e-01  2.84280000e+00 -2.47002945e-08 
 2.85280000e+00  1.81303674e-01  2.85280000e+00  1.81858648e-01  2.85280000e+00 -2.46907012e-08 
 2.86280000e+00  2.16737609e-01  2.86280000e+00  2.17169393e-01  2.86280000e+00 -2.46861213e-08 
 2.87280000e+00  2.54868068e-01  2.87280000e+00  2.55161601e-01  2.87280000e+00 -2.46758483e-08 
 2.88280000e+00  2.95544568e-01  2.88280000e+00  2.95732161e-01  2.88280000e+00 -2.46703242e-08 
 2.89280000e+00  3.38606577e-01  2.89280000e+00  3.38659500e-01  2.89280000e+00 -2.46593494e-08 
 2.90280000e+00  3.83884150e-01  2.90280000e+00  3.83830174e-01  2.90280000e+00 -2.46531543e-08 
 2.91280000e+00  4.31198596e-01  2.91280000e+00  4.31007231e-01  2.91280000e+00 -2.46412428e-08 
 2.92280000e+00  4.80363188e-01  2.92280000e+00  4.80062138e-01  2.92280000e+00 -2.46342324e-08 
 2.93280000e+00  5.31183894e-01  2.93280000e+00  5.30742827e-01  2.93280000e+00 -2.46219358e-08 
 2.94280000e+00  5.83460148e-01  2.94280000e+00  5.82907584e-01  2.94280000e+00 -2.46141686e-08 
 2.95280000e+00  6.36985641e-01  2.95280000e+00  6.36291835e-01  2.95280000e+00 -2.46012435e-08 
 2.96280000e+00  6.91549132e-01  2.96280000e+00  6.90743614e-01  2.96280000e+00 -2.45929916e-08 
 2.97280000e+00  7.46935282e-01  2.97280000e+00  7.45988973e-01  2.97280000e+00 -2.45794239e-08 
 2.98280000e+00  8.02925510e-01  2.98280000e+00  8.01868957e-01  2.98280000e+00 -2.45703258e-08 
 2.99280000e+00  8.59298845e-01  2.99280000e+00  8.58103599e-01  2.99280000e+00 -2.45555784e-08 
 3.00280000e+00  9.15832810e-01  3.00280000e+00  9.14530377e-01  3.00280000e+00 -2.45450955e-08 
 3.01280000e+00  9.72304290e-01  3.01280000e+00  9.70866770e-01  3.01280000e+00 -2.45282211e-08 
 3.02280000e+00  1.02849042e+00  3.02280000e+00  1.02695019e+00  3.02280000e+00 -2.45130414e-08 
 3.03280000e+00  1.08416945e+00  3.03280000e+00  1.08249905e+00  3.03280000e+00 -2.44872806e-08 
 3.04280000e+00  1.13912166e+00  3.04280000e+00  1.13735416e+00  3.04280000e+00 -2.44513532e-08 
 3.05280000e+00  1.19313015e+00  3.05280000e+00  1.19123808e+00  3.05280000e+00 -2.43671604e-08 
 3.06280000e+00  1.24598180e+00  3.06280000e+00  1.24399687e+00  3.06280000e+00 -2.41233676e-08 
 3.07280000e+00  1.29746802e+00  3.07280000e+00  1.29535388e+00  3.07280000e+00 -2.32250229e-08 
 3.08280000e+00  1.34738561e+00  3.08280000e+00  1.34515985e+00  3.08280000e+00 -2.08040096e-08 
 3.09280000e+00  1.39553757e+00  3.09280000e+00  1.39313321e+00  3.09280000e+00 -1.67287048e-08 
 3.10280000e+00  1.44173388e+00  3.10280000e+00  1.43912240e+00  3.10280000e+00 -1.22370510e-08 
 3.11280000e+00  1.48579220e+00  3.11280000e+00  1.48267938e+00  3.11280000e+00 -8.75931975e-09 
 3.12280000e+00  1.52753868e+00  3.12280000e+00  1.52355912e+00  3.12280000e+00 -6.72476828e-09 
 3.13280000e+00  1.56680854e+00  3.13280000e+00  1.56067583e+00  3.13280000e+00 -5.74491740e-09 
 3.14280000e+00  1.60344682e+00  3.14280000e+00  1.59386556e+00  3.14280000e+00 -5.32117833e-09 
 3.15280000e+00  1.63730891e+00  3.15280000e+00  1.62130766e+00  3.15280000e+00 -5.14480836e-09 
 3.16280000e+00  1.66826118e+00  3.16280000e+00  1.64474450e+00  3.16280000e+00 -5.07066433e-09 
 3.17280000e+00  1.69618148e+00  3.17280000e+00  1.66269090e+00  3.17280000e+00 -5.03743584e-09 
 3.18280000e+00  1.72095961e+00  3.18280000e+00  1.67744279e+00  3.18280000e+00 -5.02197697e-09 
 3.19280000e+00  1.74249779e+00  3.19280000e+00  1.68926919e+00  3.19280000e+00 -5.01382550e-09 
 3.20280000e+00  1.76071101e+00  3.20280000e+00  1.69893131e+00  3.20280000e+00 -5.00997645e-09 
 3.21280000e+00  1.77552740e+00  3.21280000e+00  1.70696980e+00  3.21280000e+00 -5.00766772e-09 
 3.22280000e+00  1.78688849e+00  3.22280000e+00  1.71374153e+00  3.22280000e+00 -5.00687217e-09 
 3.23280000e+00  1.79474943e+00  3.23280000e+00  1.71952398e+00  3.23280000e+00 -5.00651129e-09 
 3.24280000e+00  1.79907920e+00  3.24280000e+00  1.72452063e+00  3.24280000e+00 -5.00684302e-09 
 3.25280000e+00  1.79986072e+00  3.25280000e+00  1.72885895e+00  3.25280000e+00 -5.00689321e-09 
 3.26280000e+00  1.79709090e+00  3.26280000e+00  1.73266511e+00  3.26280000e+00 -5.00784510e-09 
 3.27280000e+00  1.79078068e+00  3.27280000e+00  1.73598590e+00  3.27280000e+00 -5.00838146e-09 
 3.28280000e+00  1.78095494e+00  3.28280000e+00  1.73888926e+00  3.28280000e+00 -5.00950777e-09 
 3.29280000e+00  1.76765248e+00  3.29280000e+00  1.74136142e+00  3.29280000e+00 -5.01052608e-09 
 3.30280000e+00  1.75092580e+00  3.30280000e+00  1.74337744e+00  3.30280000e+00 -5.01213336e-09 
 3.31280000e+00  1.73084090e+00  3.31280000e+00  1.74476129e+00  3.31280000e+00 -5.01429444e-09 
 3.32280000e+00  1.70747704e+00  3.32280000e+00  1.74503442e+00  3.32280000e+00 -5.01835081e-09 
 3.33280000e+00  1.68092645e+00  3.33280000e+00  1.74236119e+00  3.33280000e+00 -5.02703143e-09 
 3.34280000e+00  1.65129389e+00  3.34280000e+00  1.72736708e+00  3.34280000e+00 -5.05394510e-09 
 3.35280000e+00  1.61869633e+00  3.35280000e+00  1.66503765e+00  3.35280000e+00 -5.15796433e-09 
 3.36280000e+00  1.58326239e+00  3.36280000e+00  1.58848035e+00  3.36280000e+00 -5.46922978e-09 
 3.37280000e+00  1.54513193e+00  3.37280000e+00  1.54492495e+00  3.37280000e+00 -6.14950036e-09 
 3.38280000e+00  1.50445543e+00  3.38280000e+00  1.50344641e+00  3.38280000e+00 -7.67029175e-09 
 3.39280000e+00  1.46139342e+00  3.39280000e+00  1.45989382e+00  3.39280000e+00 -1.05112355e-08 
 3.40280000e+00  1.41611585e+00  3.40280000e+00  1.41434081e+00  3.40280000e+00 -1.47168436e-08 
 3.41280000e+00  1.36880140e+00  3.41280000e+00  1.36691310e+00  3.41280000e+00 -1.92027356e-08 
 3.42280000e+00  1.31963681e+00  3.42280000e+00  1.31776324e+00  3.42280000e+00 -2.24448015e-08 
 3.43280000e+00  1.26881611e+00  3.43280000e+00  1.26699792e+00  3.43280000e+00 -2.39149266e-08 
 3.44280000e+00  1.21653985e+00  3.44280000e+00  1.21482464e+00  3.44280000e+00 -2.43666387e-08 
 3.45280000e+00  1.16301436e+00  3.45280000e+00  1.16139645e+00  3.45280000e+00 -2.44814799e-08 
 3.46280000e+00  1.10845087e+00  3.46280000e+00  1.10695520e+00  3.46280000e+00 -2.45360338e-08 
 3.47280000e+00  1.05306472e+00  3.47280000e+00  1.05167022e+00  3.47280000e+00 -2.45606538e-08 
 3.48280000e+00  9.97074490e-01  3.48280000e+00  9.95807433e-01  3.48280000e+00 -2.45826903e-08 
 3.49280000e+00  9.40701155e-01  3.49280000e+00  9.39539135e-01  3.49280000e+00 -2.45947829e-08 
 3.50280000e+00  8.84167190e-01  3.50280000e+00  8.83136157e-01  3.50280000e+00 -2.46105184e-08 
 3.51280000e+00  8.27695710e-01  3.51280000e+00  8.26772240e-01  3.51280000e+00 -2.46188675e-08 
 3.52280000e+00  7.71509582e-01  3.52280000e+00  7.70719289e-01  3.52280000e+00 -2.46325069e-08 
 3.53280000e+00  7.15830547e-01  3.53280000e+00  7.15148949e-01  3.53280000e+00 -2.46394008e-08 
 3.54280000e+00  6.60878345e-01  3.54280000e+00  6.60330658e-01  3.54280000e+00 -2.46517988e-08 
 3.55280000e+00  6.06869846e-01  3.55280000e+00  6.06430469e-01  3.55280000e+00 -2.46579361e-08 
 3.56280000e+00  5.54018199e-01  3.56280000e+00  5.53711910e-01  3.56280000e+00 -2.46692616e-08 
 3.57280000e+00  5.02531984e-01  3.57280000e+00  5.02332045e-01  3.57280000e+00 -2.46743458e-08 
 3.58280000e+00  4.52614393e-01  3.58280000e+00  4.52545188e-01  3.58280000e+00 -2.46850076e-08 
 3.59280000e+00  4.04462429e-01  3.59280000e+00  4.04496223e-01  3.59280000e+00 -2.46893888e-08 
 3.60280000e+00  3.58266125e-01  3.60280000e+00  3.58427215e-01  3.60280000e+00 -2.46989722e-08 
 3.61280000e+00  3.14207797e-01  3.61280000e+00  3.14468109e-01  3.61280000e+00 -2.47022676e-08 
 3.62280000e+00  2.72461324e-01  3.62280000e+00  2.72846445e-01  3.62280000e+00 -2.47112290e-08 
 3.63280000e+00  2.33191459e-01  3.63280000e+00  2.33676090e-01  3.63280000e+00 -2.47134057e-08 
 3.64280000e+00  1.96553183e-01  3.64280000e+00  1.97171980e-01  3.64280000e+00 -2.47210774e-08 
 3.65280000e+00  1.62691090e-01  3.65280000e+00  1.63444199e-01  3.65280000e+00 -2.47226593e-08 
 3.66280000e+00  1.31738818e-01  3.66280000e+00  1.32748473e-01  3.66280000e+00 -2.47291508e-08 
 3.67280000e+00  1.03818522e-01  3.67280000e+00  1.05410026e-01  3.67280000e+00 -2.47292338e-08 
 3.68280000e+00  7.90403910e-02  3.68280000e+00  8.23294922e-02  3.68280000e+00 -2.47342236e-08 
 3.69280000e+00  5.75022123e-02  3.69280000e+00  6.40552355e-02  3.69280000e+00 -2.47326937e-08 
 3.70280000e+00  3.92889875e-02  3.70280000e+00  5.04938685e-02  3.70280000e+00 -2.47363329e-08 
 3.71280000e+00  2.44725958e-02  3.71280000e+00  4.09120678e-02  3.71280000e+00 -2.47342005e-08 
 3.72280000e+00  1.31115109e-02  3.72280000e+00  3.45203947e-02  3.72280000e+00 -2.47370993e-08 
 3.73280000e+00  5.25056955e-03  3.73280000e+00  3.05475143e-02  3.73280000e+00 -2.47345719e-08 
 3.74280000e+00  9.20795471e-04  3.74280000e+00  2.85332716e-02  3.74280000e+00 -2.47367206e-08 
 3.75280000e+00  1.39276265e-04  3.75280000e+00  2.81664436e-02  3.75280000e+00 -2.47332569e-08 
 3.76280000e+00  2.90909623e-03  3.76280000e+00  2.94410256e-02  3.76280000e+00 -2.47346609e-08 
 3.77280000e+00  9.21932415e-03  3.77280000e+00  3.24838993e-02  3.77280000e+00 -2.47300487e-08 
 3.78280000e+00  1.90450564e-02  3.78280000e+00  3.77355925e-02  3.78280000e+00 -2.47304162e-08 
 3.79280000e+00  3.23475154e-02  3.79280000e+00  4.57857351e-02  3.79280000e+00 -2.47245016e-08 
 3.80280000e+00  4.90742024e-02  3.80280000e+00  5.74923187e-02  3.80280000e+00 -2.47232114e-08 
 3.81280000e+00  6.91591047e-02  3.81280000e+00  7.36020052e-02  3.81280000e+00 -2.47156153e-08 
 3.82280000e+00  9.25229564e-02  3.82280000e+00  9.46122317e-02  3.82280000e+00 -2.47125701e-08 
 3.83280000e+00  1.19073551e-01  3.83280000e+00  1.20170710e-01  3.83280000e+00 -2.47040150e-08 
 3.84280000e+00  1.48706106e-01  3.84280000e+00  1.49460027e-01  3.84280000e+00 -2.47003316e-08 
 3.85280000e+00  1.81303674e-01  3.85280000e+00  1.81858769e-01  3.85280000e+00 -2.46908153e-08 
 3.86280000e+00  2.16737609e-01  3.86280000e+00  2.17169271e-01  3.86280000e+00 -2.46860826e-08 
 3.87280000e+00  2.54868068e-01  3.87280000e+00  2.55161723e-01  3.87280000e+00 -2.46758658e-08 
 3.88280000e+00  2.95544568e-01  3.88280000e+00  2.95732037e-01  3.88280000e+00 -2.46703401e-08 
 3.89280000e+00  3.38606577e-01  3.89280000e+00  3.38659625e-01  3.89280000e+00 -2.46594368e-08 
 3.90280000e+00  3.83884150e-01  3.90280000e+00  3.83830046e-01  3.90280000e+00 -2.46531597e-08 
 3.91280000e+00  4.31198596e-01  3.91280000e+00  4.31007361e-01  3.91280000e+00 -2.46412753e-08 
 3.92280000e+00  4.80363188e-01  3.92280000e+00  4.80062006e-01  3.92280000e+00 -2.46341892e-08 
 3.93280000e+00  5.31183894e-01  3.93280000e+00  5.30742960e-01  3.93280000e+00 -2.46219779e-08 
 3.94280000e+00  5.83460148e-01  3.94280000e+00  5.82907449e-01  3.94280000e+00 -2.46141452e-08 
 3.95280000e+00  6.36985641e-01  3.95280000e+00  6.36291972e-01  3.95280000e+00 -2.46012890e-08 
 3.96280000e+00  6.91549132e-01  3.96280000e+00  6.90743475e-01  3.96280000e+00 -2.45929378e-08 
 3.97280000e+00  7.46935282e-01  3.97280000e+00  7.45989113e-01  3.97280000e+00 -2.45795166e-08 
 3.98280000e+00  8.02925510e-01  3.98280000e+00  8.01868815e-01  3.98280000e+00 -2.45703315e-08 
 3.99280000e+00  8.59298845e-01  3.99280000e+00  8.58103743e-01  3.99280000e+00 -2.45557263e-08 
 4.00280000e+00  9.15832810e-01  4.00280000e+00  9.14530232e-01  4.00280000e+00 -2.45450106e-08 
 4.01280000e+00  9.72304290e-01  4.01280000e+00  9.70866917e-01  4.01280000e+00 -2.45282921e-08 
 4.02280000e+00  1.02849042e+00  4.02280000e+00  1.02695004e+00  4.02280000e+00 -2.45130224e-08 
 4.03280000e+00  1.08416945e+00  4.03280000e+00  1.08249921e+00  4.03280000e+00 -2.44874069e-08 
 4.04280000e+00  1.13912166e+00  4.04280000e+00  1.13735400e+00  4.04280000e+00 -2.44512307e-08 
 4.05280000e+00  1.19313015e+00  4.05280000e+00  1.19123823e+00  4.05280000e+00 -2.43672671e-08 
 4.06280000e+00  1.24598180e+00  4.06280000e+00  1.24399671e+00  4.06280000e+00 -2.41233618e-08 
 4.07280000e+00  1.29746802e+00  4.07280000e+00  1.29535405e+00  4.07280000e+00 -2.32250308e-08 
 4.08280000e+00  1.34738561e+00  4.08280000e+00  1.34515966e+00  4.08280000e+00 -2.08039504e-08 
 4.09280000e+00  1.39553757e+00  4.09280000e+00  1.39313346e+00  4.09280000e+00 -1.67287414e-08 
 4.10280000e+00  1.44173388e+00  4.10280000e+00  1.43912203e+00  4.10280000e+00 -1.22370629e-08 
 4.11280000e+00  1.48579220e+00  4.11280000e+00  1.48268002e+00  4.11280000e+00 -8.75929765e-09 
 4.12280000e+00  1.52753868e+00  4.12280000e+00  1.52355800e+00  4.12280000e+00 -6.72471093e-09 
 4.13280000e+00  1.56680854e+00  4.13280000e+00  1.56067751e+00  4.13280000e+00 -5.74486751e-09 
 4.14280000e+00  1.60344682e+00  4.14280000e+00  1.59386413e+00  4.14280000e+00 -5.32122930e-09 
 4.15280000e+00  1.63730891e+00  4.15280000e+00  1.62130571e+00  4.15280000e+00 -5.14474184e-09 
 4.16280000e+00  1.66826118e+00  4.16280000e+00  1.64474932e+00  4.16280000e+00 -5.07070886e-09 
 4.17280000e+00  1.69618148e+00  4.17280000e+00  1.66268803e+00  4.17280000e+00 -5.03739789e-09 
 4.18280000e+00  1.72095961e+00  4.18280000e+00  1.67744290e+00  4.18280000e+00 -5.02194695e-09 
 4.19280000e+00  1.74249779e+00  4.19280000e+00  1.68926920e+00  4.19280000e+00 -5.01382494e-09 
 4.20280000e+00  1.76071101e+00  4.20280000e+00  1.69893129e+00  4.20280000e+00 -5.00993282e-09 
 4.21280000e+00  1.77552740e+00  4.21280000e+00  1.70696985e+00  4.21280000e+00 -5.00759419e-09 
 4.22280000e+00  1.78688849e+00  4.22280000e+00  1.71374148e+00  4.22280000e+00 -5.00689877e-09 
 4.23280000e+00  1.79474943e+00  4.23280000e+00  1.71952404e+00  4.23280000e+00 -5.00648394e-09 
 4.24280000e+00  1.79907920e+00  4.24280000e+00  1.72452057e+00  4.24280000e+00 -5.00681871e-09 
 4.25280000e+00  1.79986072e+00  4.25280000e+00  1.72885902e+00  4.25280000e+00 -5.00690804e-09 
 4.26280000e+00  1.79709090e+00  4.26280000e+00  1.73266504e+00  4.26280000e+00 -5.00789640e-09 
 4.27280000e+00  1.79078068e+00  4.27280000e+00  1.73598597e+00  4.27280000e+00 -5.00836479e-09 
 4.28280000e+00  1.78095494e+00  4.28280000e+00  1.73888920e+00  4.28280000e+00 -5.00947630e-09 
 4.29280000e+00  1.76765248e+00  4.29280000e+00  1.74136147e+00  4.29280000e+00 -5.01040254e-09 
 4.30280000e+00  1.75092580e+00  4.30280000e+00  1.74337739e+00  4.30280000e+00 -5.01213968e-09 
 4.31280000e+00  1.73084090e+00  4.31280000e+00  1.74476133e+00  4.31280000e+00 -5.01420221e-09 
 4.32280000e+00  1.70747704e+00  4.32280000e+00  1.74503439e+00  4.32280000e+00 -5.01835697e-09 
 4.33280000e+00  1.68092645e+00  4.33280000e+00  1.74236123e+00  4.33280000e+00 -5.02695248e-09 
 4.34280000e+00  1.65129389e+00  4.34280000e+00  1.72736710e+00  4.34280000e+00 -5.05394616e-09 
 4.35280000e+00  1.61869633e+00  4.35280000e+00  1.66503768e+00  4.35280000e+00 -5.15793668e-09 
 4.36280000e+00  1.58326239e+00  4.36280000e+00  1.58848027e+00  4.36280000e+00 -5.46922931e-09 
 4.37280000e+00  1.54513193e+00  4.37280000e+00  1.54492507e+00  4.37280000e+00 -6.14948063e-09 
 4.38280000e+00  1.50445543e+00  4.38280000e+00  1.50344633e+00  4.38280000e+00 -7.67024748e-09 
 4.39280000e+00  1.46139342e+00  4.39280000e+00  1.45989384e+00  4.39280000e+00 -1.05113062e-08 
 4.40280000e+00  1.41611585e+00  4.40280000e+00  1.41434080e+00  4.40280000e+00 -1.47169293e-08 
 4.41280000e+00  1.36880140e+00  4.41280000e+00  1.36691312e+00  4.41280000e+00 -1.92028472e-08 
 4.42280000e+00  1.31963681e+00  4.42280000e+00  1.31776322e+00  4.42280000e+00 -2.24447342e-08 
 4.43280000e+00  1.26881611e+00  4.43280000e+00  1.26699794e+00  4.43280000e+00 -2.39150363e-08 
 4.44280000e+00  1.21653985e+00  4.44280000e+00  1.21482462e+00  4.44280000e+00 -2.43666029e-08 
 4.45280000e+00  1.16301436e+00  4.45280000e+00  1.16139647e+00  4.45280000e+00 -2.44816374e-08 
 4.46280000e+00  1.10845087e+00  4.46280000e+00  1.10695518e+00  4.46280000e+00 -2.45360086e-08 
 4.47280000e+00  1.05306472e+00  4.47280000e+00  1.05167025e+00  4.47280000e+00 -2.45607555e-08 
 4.48280000e+00  9.97074490e-01  4.48280000e+00  9.95807402e-01  4.48280000e+00 -2.45826922e-08 
 4.49280000e+00  9.40701155e-01  4.49280000e+00  9.39539168e-01  4.49280000e+00 -2.45949182e-08 
 4.50280000e+00  8.84167190e-01  4.50280000e+00  8.83136121e-01  4.50280000e+00 -2.46104784e-08 
 4.51280000e+00  8.27695710e-01  4.51280000e+00  8.26772278e-01  4.51280000e+00 -2.46188720e-08 
 4.52280000e+00  7.71509582e-01  4.52280000e+00  7.70719248e-01  4.52280000e+00 -2.46323976e-08 
 4.53280000e+00  7.15830547e-01  4.53280000e+00  7.15148992e-01  4.53280000e+00 -2.46394407e-08 
 4.54280000e+00  6.60878345e-01  4.54280000e+00  6.60330612e-01  4.54280000e+00 -2.46517617e-08 
 4.55280000e+00  6.06869846e-01  4.55280000e+00  6.06430517e-01  4.55280000e+00 -2.46580386e-08 
 4.56280000e+00  5.54018199e-01  4.56280000e+00  5.53711859e-01  4.56280000e+00 -2.46692309e-08 
 4.57280000e+00  5.02531984e-01  4.57280000e+00  5.02332098e-01  4.57280000e+00 -2.46744974e-08 
 4.58280000e+00  4.52614393e-01  4.58280000e+00  4.52545132e-01  4.58280000e+00 -2.46848614e-08 
 4.59280000e+00  4.04462429e-01  4.59280000e+00  4.04496280e-01  4.59280000e+00 -2.46894212e-08 
 4.60280000e+00  3.58266125e-01  4.60280000e+00  3.58427155e-01  4.60280000e+00 -2.46988857e-08 
 4.61280000e+00  3.14207797e-01  4.61280000e+00  3.14468171e-01  4.61280000e+00 -2.47024551e-08 
 4.62280000e+00  2.72461324e-01  4.62280000e+00  2.72846381e-01  4.62280000e+00 -2.47110748e-08 
 4.63280000e+00  2.33191459e-01  4.63280000e+00  2.33676155e-01  4.63280000e+00 -2.47134603e-08 
 4.64280000e+00  1.96553183e-01  4.64280000e+00  1.97171911e-01  4.64280000e+00 -2.47210164e-08 
 4.65280000e+00  1.62691090e-01  4.65280000e+00  1.63444269e-01  4.65280000e+00 -2.47227601e-08 
 4.66280000e+00  1.31738818e-01  4.66280000e+00  1.32748400e-01  4.66280000e+00 -2.47289530e-08 
 4.67280000e+00  1.03818522e-01  4.67280000e+00  1.05410102e-01  4.67280000e+00 -2.47293371e-08 
 4.68280000e+00  7.90403910e-02  4.68280000e+00  8.23294231e-02  4.68280000e+00 -2.47341171e-08 
 4.69280000e+00  5.75022123e-02  4.69280000e+00  6.40552993e-02  4.69280000e+00 -2.47326361e-08 
 4.70280000e+00  3.92889875e-02  4.70280000e+00  5.04938113e-02  4.70280000e+00 -2.47363388e-08 
 4.71280000e+00  2.44725958e-02  4.71280000e+00  4.09121188e-02  4.71280000e+00 -2.47341882e-08 
 4.72280000e+00  1.31115109e-02  4.72280000e+00  3.45203487e-02  4.72280000e+00 -2.47371185e-08 
 4.73280000e+00  5.25056955e-03  4.73280000e+00  3.05475571e-02  4.73280000e+00 -2.47345428e-08 
 4.74280000e+00  9.20795471e-04  4.74280000e+00  2.85332303e-02  4.74280000e+00 -2.47366664e-08 
 4.75280000e+00  1.39276265e-04  4.75280000e+00  2.81664852e-02  4.75280000e+00 -2.47333302e-08 
 4.76280000e+00  2.90909623e-03  4.76280000e+00  2.94409819e-02  4.76280000e+00 -2.47346599e-08 
 4.77280000e+00  9.21932415e-03  4.77280000e+00  3.24839472e-02  4.77280000e+00 -2.47301357e-08 
 4.78280000e+00  1.90450564e-02  4.78280000e+00  3.77355382e-02  4.78280000e+00 -2.47303425e-08 
 4.79280000e+00  3.23475154e-02  4.79280000e+00  4.57857985e-02  4.79280000e+00 -2.47244716e-08 
 4.80280000e+00  4.90742024e-02  4.80280000e+00  5.74922442e-02  4.80280000e+00 -2.47231343e-08 
 4.81280000e+00  6.91591047e-02  4.81280000e+00  7.36020913e-02  4.81280000e+00 -2.47157015e-08 
 4.82280000e+00  9.25229564e-02  4.82280000e+00  9.46121358e-02  4.82280000e+00 -2.47124377e-08 
 4.83280000e+00  1.19073551e-01  4.83280000e+00  1.20170812e-01  4.83280000e+00 -2.47040326e-08 
 4.84280000e+00  1.48706106e-01  4.84280000e+00  1.49459922e-01  4.84280000e+00 -2.47001549e-08 
 4.85280000e+00  1.81303674e-01  4.85280000e+00  1.81858877e-01  4.85280000e+00 -2.46908455e-08 
 4.86280000e+00  2.16737609e-01  4.86280000e+00  2.17169162e-01  4.86280000e+00 -2.46859819e-08 
 4.87280000e+00  2.54868068e-01  4.87280000e+00  2.55161833e-01  4.87280000e+00 -2.46759244e-08 
 4.88280000e+00  2.95544568e-01  4.88280000e+00  2.95731925e-01  4.88280000e+00 -2.46702836e-08 
 4.89280000e+00  3.38606577e-01  4.89280000e+00  3.38659738e-01  4.89280000e+00 -2.46595585e-08 
 4.90280000e+00  3.83884150e-01  4.90280000e+00  3.83829931e-01  4.90280000e+00 -2.46530240e-08 
 4.91280000e+00  4.31198596e-01  4.91280000e+00  4.31007477e-01  4.91280000e+00 -2.46413096e-08 
 4.92280000e+00  4.80363188e-01  4.92280000e+00  4.80061887e-01  4.92280000e+00 -2.46340868e-08 
 4.93280000e+00  5.31183894e-01  4.93280000e+00  5.30743080e-01  4.93280000e+00 -2.46219946e-08 
 4.94280000e+00  5.83460148e-01  4.94280000e+00  5.82907327e-01  4.94280000e+00 -2.46140394e-08 
 4.95280000e+00  6.36985641e-01  4.95280000e+00  6.36292094e-01  4.95280000e+00 -2.46013413e-08 
 4.96280000e+00  6.91549132e-01  4.96280000e+00  6.90743350e-01  4.96280000e+00 -2.45928080e-08 
 4.97280000e+00  7.46935282e-01  4.97280000e+00  7.45989239e-01  4.97280000e+00 -2.45795526e-08 
 4.98280000e+00  8.02925510e-01  4.98280000e+00  8.01868687e-01  4.98280000e+00 -2.45702704e-08 
 4.99280000e+00  8.59298845e-01  4.99280000e+00  8.58103872e-01  4.99280000e+00 -2.45557445e-08 
 5.00000000e+00  9.00000000e-01  5.00000000e+00  8.98731373e-01  5.00000000e+00 -2.45486247e-08 
