-1.00000000e-01  2.82535014e+12 -1.00000000e-01  7.40671904e+11 -1.00000000e-01  1.96113608e+11 
-9.90000000e-02  2.54856418e+12 -9.90000000e-02  7.98369768e+11 -9.90000000e-02  1.97036545e+11 
-9.80000000e-02  2.61771722e+12 -9.80000000e-02  8.12517946e+11 -9.80000000e-02  1.99816884e+11 
-9.70000000e-02  2.90577236e+12 -9.70000000e-02  8.26142706e+11 -9.70000000e-02  2.03083666e+11 
-9.60000000e-02  2.77090914e+12 -9.60000000e-02  8.52086435e+11 -9.60000000e-02  2.08051370e+11 
-9.50000000e-02  2.80357872e+12 -9.50000000e-02  8.52575096e+11 -9.50000000e-02  2.10081301e+11 
-9.40000000e-02  2.64682103e+12 -9.40000000e-02  8.62258906e+11 -9.40000000e-02  2.10946706e+11 
-9.30000000e-02  2.57645750e+12 -9.30000000e-02  8.65153602e+11 -9.30000000e-02  2.15968779e+11 
-9.20000000e-02  2.96462944e+12 -9.20000000e-02  8.72942755e+11 -9.20000000e-02  2.18921618e+11 
-9.10000000e-02  2.92778250e+12 -9.10000000e-02  8.95620728e+11 -9.10000000e-02  2.20649127e+11 
-9.00000000e-02  2.89577353e+12 -9.00000000e-02  9.19276160e+11 -9.00000000e-02  2.23765579e+11 
-8.90000000e-02  3.27604531e+12 -8.90000000e-02  9.28858728e+11 -8.90000000e-02  2.28766105e+11 
-8.80000000e-02  3.54616636e+12 -8.80000000e-02  9.46302240e+11 -8.80000000e-02  2.32399121e+11 
-8.70000000e-02  3.31590870e+12 -8.70000000e-02  9.75897322e+11 -8.70000000e-02  2.33304495e+11 
-8.60000000e-02  2.95901548e+12 -8.60000000e-02  9.90263935e+11 -8.60000000e-02  2.36173115e+11 
-8.50000000e-02  3.12526744e+12 -8.50000000e-02  9.76387933e+11 -8.50000000e-02  2.43202475e+11 
-8.40000000e-02  3.03806936e+12 -8.40000000e-02  9.71361105e+11 -8.40000000e-02  2.45505499e+11 
-8.30000000e-02  3.05512301e+12 -8.30000000e-02  1.08923391e+12 -8.30000000e-02  2.46457579e+11 
-8.20000000e-02  3.46714703e+12 -8.20000000e-02  1.07412794e+12 -8.20000000e-02  2.51737106e+11 
-8.10000000e-02  3.73193676e+12 -8.10000000e-02  1.00476344e+12 -8.10000000e-02  2.56233563e+11 
-8.00000000e-02  3.76068255e+12 -8.00000000e-02  1.08290480e+12 -8.00000000e-02  2.58122132e+11 
-7.90000000e-02  3.87636149e+12 -7.90000000e-02  1.13829808e+12 -7.90000000e-02  2.63295572e+11 
-7.80000000e-02  3.58642358e+12 -7.80000000e-02  1.13709610e+12 -7.80000000e-02  2.67380183e+11 
-7.70000000e-02  3.42430695e+12 -7.70000000e-02  1.09827063e+12 -7.70000000e-02  2.70663634e+11 
-7.60000000e-02  3.65933951e+12 -7.60000000e-02  1.12122278e+12 -7.60000000e-02  2.74661975e+11 
-7.50000000e-02  3.46664655e+12 -7.50000000e-02  1.13104050e+12 -7.50000000e-02  2.74530592e+11 
-7.40000000e-02  3.93210228e+12 -7.40000000e-02  1.15421177e+12 -7.40000000e-02  2.80696785e+11 
-7.30000000e-02  4.10379302e+12 -7.30000000e-02  1.21006003e+12 -7.30000000e-02  2.87471598e+11 
-7.20000000e-02  4.27393407e+12 -7.20000000e-02  1.26842014e+12 -7.20000000e-02  2.89755962e+11 
-7.10000000e-02  3.43502071e+12 -7.10000000e-02  1.27356130e+12 -7.10000000e-02  2.93347488e+11 
-7.00000000e-02  3.55220436e+12 -7.00000000e-02  1.24012903e+12 -7.00000000e-02  2.98673671e+11 
-6.90000000e-02  4.45967798e+12 -6.90000000e-02  1.26131119e+12 -6.90000000e-02  2.99584185e+11 
-6.80000000e-02  4.18502232e+12 -6.80000000e-02  1.32772262e+12 -6.80000000e-02  3.04140211e+11 
-6.70000000e-02  4.47831430e+12 -6.70000000e-02  1.29189245e+12 -6.70000000e-02  3.10182006e+11 
-6.60000000e-02  4.11205325e+12 -6.60000000e-02  1.26662741e+12 -6.60000000e-02  3.12730926e+11 
-6.50000000e-02  4.17331167e+12 -6.50000000e-02  1.37307491e+12 -6.50000000e-02  3.17643910e+11 
-6.40000000e-02  4.51985194e+12 -6.40000000e-02  1.40488852e+12 -6.40000000e-02  3.22082044e+11 
-6.30000000e-02  4.01976527e+12 -6.30000000e-02  1.40753515e+12 -6.30000000e-02  3.26762560e+11 
-6.20000000e-02  4.24740347e+12 -6.20000000e-02  1.42168126e+12 -6.20000000e-02  3.31154889e+11 
-6.10000000e-02  4.63124772e+12 -6.10000000e-02  1.41268190e+12 -6.10000000e-02  3.35450967e+11 
-6.00000000e-02  4.09854966e+12 -6.00000000e-02  1.39827589e+12 -6.00000000e-02  3.40065702e+11 
-5.90000000e-02  4.32636093e+12 -5.90000000e-02  1.44095585e+12 -5.90000000e-02  3.44635460e+11 
-5.80000000e-02  4.60275152e+12 -5.80000000e-02  1.55634822e+12 -5.80000000e-02  3.46035014e+11 
-5.70000000e-02  4.77854323e+12 -5.70000000e-02  1.54444652e+12 -5.70000000e-02  3.51346355e+11 
-5.60000000e-02  4.70925719e+12 -5.60000000e-02  1.48349028e+12 -5.60000000e-02  3.56282631e+11 
-5.50000000e-02  4.98860621e+12 -5.50000000e-02  1.58642519e+12 -5.50000000e-02  3.61286679e+11 
-5.40000000e-02  5.33467474e+12 -5.40000000e-02  1.61213211e+12 -5.40000000e-02  3.68732018e+11 
-5.30000000e-02  5.54774903e+12 -5.30000000e-02  1.56574173e+12 -5.30000000e-02  3.74518282e+11 
-5.20000000e-02  4.96555263e+12 -5.20000000e-02  1.61870393e+12 -5.20000000e-02  3.77515086e+11 
-5.10000000e-02  4.41410252e+12 -5.10000000e-02  1.73941923e+12 -5.10000000e-02  3.78112275e+11 
-5.00000000e-02  5.08318597e+12 -5.00000000e-02  1.59243846e+12 -5.00000000e-02  3.84860653e+11 
-4.90000000e-02  4.78355796e+12 -4.90000000e-02  1.67155419e+12 -4.90000000e-02  3.95741138e+11 
-4.80000000e-02  5.15196840e+12 -4.80000000e-02  1.80717985e+12 -4.80000000e-02  3.93514510e+11 
-4.70000000e-02  5.56758288e+12 -4.70000000e-02  1.70889385e+12 -4.70000000e-02  3.96072516e+11 
-4.60000000e-02  5.41601305e+12 -4.60000000e-02  1.72139460e+12 -4.60000000e-02  4.07925660e+11 
-4.50000000e-02  5.03155522e+12 -4.50000000e-02  1.74361726e+12 -4.50000000e-02  4.15047206e+11 
-4.40000000e-02  4.97284860e+12 -4.40000000e-02  1.89935260e+12 -4.40000000e-02  4.14250869e+11 
-4.30000000e-02  5.46520660e+12 -4.30000000e-02  1.93745645e+12 -4.30000000e-02  4.17411959e+11 
-4.20000000e-02  5.69495116e+12 -4.20000000e-02  1.78093058e+12 -4.20000000e-02  4.26009810e+11 
-4.10000000e-02  4.68135287e+12 -4.10000000e-02  1.75784650e+12 -4.10000000e-02  4.29607404e+11 
-4.00000000e-02  5.99158978e+12 -4.00000000e-02  1.97236627e+12 -4.00000000e-02  4.42099609e+11 
-3.90000000e-02  7.44571313e+12 -3.90000000e-02  1.96968571e+12 -3.90000000e-02  4.46421644e+11 
-3.80000000e-02  4.98008873e+12 -3.80000000e-02  1.97341987e+12 -3.80000000e-02  4.45199862e+11 
-3.70000000e-02  5.13834633e+12 -3.70000000e-02  1.95019336e+12 -3.70000000e-02  4.43969693e+11 
-3.60000000e-02  5.30280158e+12 -3.60000000e-02  2.08042072e+12 -3.60000000e-02  4.57170248e+11 
-3.50000000e-02  5.98626321e+12 -3.50000000e-02  1.91140952e+12 -3.50000000e-02  4.68576120e+11 
-3.40000000e-02  7.03555571e+12 -3.40000000e-02  1.87722925e+12 -3.40000000e-02  4.58519324e+11 
-3.30000000e-02  6.73400129e+12 -3.30000000e-02  2.13070135e+12 -3.30000000e-02  4.70672405e+11 
-3.20000000e-02  6.04979845e+12 -3.20000000e-02  2.08874100e+12 -3.20000000e-02  4.85346088e+11 
-3.10000000e-02  5.19517580e+12 -3.10000000e-02  2.08579623e+12 -3.10000000e-02  4.82791515e+11 
-3.00000000e-02  5.02976521e+12 -3.00000000e-02  2.11383846e+12 -3.00000000e-02  4.88321557e+11 
-2.90000000e-02  7.18654195e+12 -2.90000000e-02  2.24325100e+12 -2.90000000e-02  4.91840903e+11 
-2.80000000e-02  7.13852498e+12 -2.80000000e-02  2.14164223e+12 -2.80000000e-02  5.03214432e+11 
-2.70000000e-02  5.32729327e+12 -2.70000000e-02  2.25819295e+12 -2.70000000e-02  5.08384998e+11 
-2.60000000e-02  6.65962278e+12 -2.60000000e-02  2.33111170e+12 -2.60000000e-02  5.14248100e+11 
-2.50000000e-02  8.76232686e+12 -2.50000000e-02  2.10999971e+12 -2.50000000e-02  5.13478796e+11 
-2.40000000e-02  5.44483536e+12 -2.40000000e-02  2.12708158e+12 -2.40000000e-02  5.07077426e+11 
-2.30000000e-02  4.77227216e+12 -2.30000000e-02  2.24565049e+12 -2.30000000e-02  5.26745505e+11 
-2.20000000e-02  5.97176924e+12 -2.20000000e-02  2.36963299e+12 -2.20000000e-02  5.36142197e+11 
-2.10000000e-02  7.38441619e+12 -2.10000000e-02  2.42504841e+12 -2.10000000e-02  5.41696477e+11 
-2.00000000e-02  7.35523361e+12 -2.00000000e-02  2.34316534e+12 -2.00000000e-02  5.38648555e+11 
-1.90000000e-02  6.37395246e+12 -1.90000000e-02  2.30413649e+12 -1.90000000e-02  5.40183440e+11 
-1.80000000e-02  7.87063304e+12 -1.80000000e-02  2.41999736e+12 -1.80000000e-02  5.55921284e+11 
-1.70000000e-02  8.76614242e+12 -1.70000000e-02  2.45220228e+12 -1.70000000e-02  5.61600615e+11 
-1.60000000e-02  5.82437113e+12 -1.60000000e-02  2.37427021e+12 -1.60000000e-02  5.65937842e+11 
-1.50000000e-02  5.71522391e+12 -1.50000000e-02  2.48099493e+12 -1.50000000e-02  5.76320108e+11 
-1.40000000e-02  6.99498121e+12 -1.40000000e-02  2.42474167e+12 -1.40000000e-02  5.81514238e+11 
-1.30000000e-02  6.89596828e+12 -1.30000000e-02  2.40230480e+12 -1.30000000e-02  5.73198563e+11 
-1.20000000e-02  7.96279126e+12 -1.20000000e-02  2.55063009e+12 -1.20000000e-02  5.84473781e+11 
-1.10000000e-02  6.87962174e+12 -1.10000000e-02  2.80007514e+12 -1.10000000e-02  5.95510960e+11 
-1.00000000e-02  6.88153107e+12 -1.00000000e-02  2.54446172e+12 -1.00000000e-02  5.95051988e+11 
-9.00000000e-03  7.36168722e+12 -9.00000000e-03  2.40144321e+12 -9.00000000e-03  6.00206572e+11 
-8.00000000e-03  6.04367693e+12 -8.00000000e-03  2.75362763e+12 -8.00000000e-03  6.06188088e+11 
-7.00000000e-03  7.11843023e+12 -7.00000000e-03  2.46936582e+12 -7.00000000e-03  6.05375487e+11 
-6.00000000e-03  7.99705942e+12 -6.00000000e-03  2.47048538e+12 -6.00000000e-03  6.06686168e+11 
-5.00000000e-03  7.42170751e+12 -5.00000000e-03  2.82546910e+12 -5.00000000e-03  6.24752014e+11 
-4.00000000e-03  7.81874384e+12 -4.00000000e-03  2.71287197e+12 -4.00000000e-03  6.29513056e+11 
-3.00000000e-03  5.53045500e+12 -3.00000000e-03  2.38466273e+12 -3.00000000e-03  6.24441061e+11 
-2.00000000e-03  6.12133443e+12 -2.00000000e-03  2.72231036e+12 -2.00000000e-03  6.35612227e+11 
-1.00000000e-03  1.05720966e+13 -1.00000000e-03  3.27882035e+12 -1.00000000e-03  6.56248805e+11 
 7.63278329e-17  2.29488926e+13  7.63278329e-17  4.90977399e+14  7.63278329e-17  2.05136070e+13 
 1.00000000e-03  8.11871147e+12  1.00000000e-03  2.83632219e+12  1.00000000e-03  6.40963637e+11 
 2.00000000e-03  1.16702419e+13  2.00000000e-03  2.84796758e+12  2.00000000e-03  6.53145994e+11 
 3.00000000e-03  7.19068669e+12  3.00000000e-03  2.78703567e+12  3.00000000e-03  6.65630500e+11 
 4.00000000e-03  5.59824473e+12  4.00000000e-03  2.55849852e+12  4.00000000e-03  6.59739219e+11 
 5.00000000e-03  7.29518357e+12  5.00000000e-03  2.73158535e+12  5.00000000e-03  6.49053602e+11 
 6.00000000e-03  7.26929224e+12  6.00000000e-03  2.95623436e+12  6.00000000e-03  6.68636577e+11 
 7.00000000e-03  6.64077201e+12  7.00000000e-03  2.62991257e+12  7.00000000e-03  6.59805037e+11 
 8.00000000e-03  7.63258605e+12  8.00000000e-03  2.48888545e+12  8.00000000e-03  6.47908320e+11 
 9.00000000e-03  7.74277368e+12  9.00000000e-03  2.83620806e+12  9.00000000e-03  6.82830425e+11 
 1.00000000e-02  7.24444921e+12  1.00000000e-02  2.66762799e+12  1.00000000e-02  6.70984756e+11 
 1.10000000e-02  7.12724355e+12  1.10000000e-02  2.71738178e+12  1.10000000e-02  6.63825215e+11 
 1.20000000e-02  7.85706222e+12  1.20000000e-02  3.01225752e+12  1.20000000e-02  6.72668561e+11 
 1.30000000e-02  6.94314359e+12  1.30000000e-02  2.73482050e+12  1.30000000e-02  6.68101561e+11 
 1.40000000e-02  6.14266418e+12  1.40000000e-02  2.80693238e+12  1.40000000e-02  6.77452047e+11 
 1.50000000e-02  7.80910513e+12  1.50000000e-02  2.75665471e+12  1.50000000e-02  6.88551809e+11 
 1.60000000e-02  8.24231272e+12  1.60000000e-02  2.53933617e+12  1.60000000e-02  6.91496397e+11 
 1.70000000e-02  7.46726307e+12  1.70000000e-02  3.00163611e+12  1.70000000e-02  6.78036823e+11 
 1.80000000e-02  7.42962700e+12  1.80000000e-02  3.11239252e+12  1.80000000e-02  6.83970516e+11 
 1.90000000e-02  8.34175703e+12  1.90000000e-02  2.55638033e+12  1.90000000e-02  6.73059227e+11 
 2.00000000e-02  6.96716750e+12  2.00000000e-02  2.42322371e+12  2.00000000e-02  6.78872122e+11 
 2.10000000e-02  6.44194388e+12  2.10000000e-02  2.82057865e+12  2.10000000e-02  6.88904357e+11 
 2.20000000e-02  6.31136441e+12  2.20000000e-02  2.84044541e+12  2.20000000e-02  6.92572750e+11 
 2.30000000e-02  7.00541570e+12  2.30000000e-02  2.97774516e+12  2.30000000e-02  6.85598008e+11 
 2.40000000e-02  7.65221409e+12  2.40000000e-02  2.80800762e+12  2.40000000e-02  6.68632366e+11 
 2.50000000e-02  5.36415074e+12  2.50000000e-02  2.40150869e+12  2.50000000e-02  6.71616693e+11 
 2.60000000e-02  7.93135798e+12  2.60000000e-02  3.08556222e+12  2.60000000e-02  6.80358377e+11 
 2.70000000e-02  6.33648626e+12  2.70000000e-02  2.91684908e+12  2.70000000e-02  6.91172488e+11 
 2.80000000e-02  6.31105689e+12  2.80000000e-02  2.50149385e+12  2.80000000e-02  6.81784797e+11 
 2.90000000e-02  1.07196120e+13  2.90000000e-02  2.69049850e+12  2.90000000e-02  6.74450500e+11 
 3.00000000e-02  7.65806306e+12  3.00000000e-02  3.09838076e+12  3.00000000e-02  6.94876796e+11 
 3.10000000e-02  6.07866984e+12  3.10000000e-02  2.89946617e+12  3.10000000e-02  6.82918477e+11 
 3.20000000e-02  8.30069057e+12  3.20000000e-02  2.68700843e+12  3.20000000e-02  6.74016217e+11 
 3.30000000e-02  8.99132038e+12  3.30000000e-02  2.60607266e+12  3.30000000e-02  6.78185170e+11 
 3.40000000e-02  7.60233319e+12  3.40000000e-02  2.48698652e+12  3.40000000e-02  6.70839249e+11 
 3.50000000e-02  6.98019108e+12  3.50000000e-02  2.98223751e+12  3.50000000e-02  6.87770995e+11 
 3.60000000e-02  6.83131844e+12  3.60000000e-02  2.99138612e+12  3.60000000e-02  6.78578039e+11 
 3.70000000e-02  7.27643549e+12  3.70000000e-02  2.97139259e+12  3.70000000e-02  6.61572030e+11 
 3.80000000e-02  5.99878887e+12  3.80000000e-02  2.70417667e+12  3.80000000e-02  6.75295512e+11 
 3.90000000e-02  5.82272458e+12  3.90000000e-02  2.27665618e+12  3.90000000e-02  6.77899790e+11 
 4.00000000e-02  5.71107007e+12  4.00000000e-02  2.71810234e+12  4.00000000e-02  6.68371840e+11 
 4.10000000e-02  8.36658960e+12  4.10000000e-02  3.18853888e+12  4.10000000e-02  6.71879115e+11 
 4.20000000e-02  9.46752342e+12  4.20000000e-02  2.60465431e+12  4.20000000e-02  6.51493253e+11 
 4.30000000e-02  6.71091773e+12  4.30000000e-02  2.33714047e+12  4.30000000e-02  6.74222561e+11 
 4.40000000e-02  5.71146813e+12  4.40000000e-02  2.84284870e+12  4.40000000e-02  6.80214172e+11 
 4.50000000e-02  7.89881653e+12  4.50000000e-02  3.05528691e+12  4.50000000e-02  6.37528945e+11 
 4.60000000e-02  8.86209966e+12  4.60000000e-02  2.78025909e+12  4.60000000e-02  6.51956989e+11 
 4.70000000e-02  6.77150499e+12  4.70000000e-02  2.50902722e+12  4.70000000e-02  6.53277543e+11 
 4.80000000e-02  6.53386920e+12  4.80000000e-02  2.51834063e+12  4.80000000e-02  6.62732124e+11 
 4.90000000e-02  5.52509877e+12  4.90000000e-02  2.94445916e+12  4.90000000e-02  6.49598527e+11 
 5.00000000e-02  6.44420723e+12  5.00000000e-02  2.79346095e+12  5.00000000e-02  6.43983825e+11 
 5.10000000e-02  7.83417885e+12  5.10000000e-02  2.90204317e+12  5.10000000e-02  6.58050868e+11 
 5.20000000e-02  6.88559623e+12  5.20000000e-02  2.61313091e+12  5.20000000e-02  6.26600407e+11 
 5.30000000e-02  5.89042603e+12  5.30000000e-02  2.38963734e+12  5.30000000e-02  6.42631086e+11 
 5.40000000e-02  5.14630904e+12  5.40000000e-02  2.53363976e+12  5.40000000e-02  6.44708109e+11 
 5.50000000e-02  7.47000932e+12  5.50000000e-02  2.57974571e+12  5.50000000e-02  6.29812312e+11 
 5.60000000e-02  7.45455791e+12  5.60000000e-02  2.77115400e+12  5.60000000e-02  6.42329628e+11 
 5.70000000e-02  7.53607913e+12  5.70000000e-02  2.86501651e+12  5.70000000e-02  6.33743999e+11 
 5.80000000e-02  8.04441684e+12  5.80000000e-02  2.74506773e+12  5.80000000e-02  6.15387874e+11 
 5.90000000e-02  6.20998052e+12  5.90000000e-02  2.58056330e+12  5.90000000e-02  5.97473827e+11 
 6.00000000e-02  6.47723511e+12  6.00000000e-02  2.48094324e+12  6.00000000e-02  6.23301344e+11 
 6.10000000e-02  7.19059350e+12  6.10000000e-02  2.49662001e+12  6.10000000e-02  6.16017317e+11 
 6.20000000e-02  7.35845825e+12  6.20000000e-02  2.89683190e+12  6.20000000e-02  6.08325540e+11 
 6.30000000e-02  6.36896154e+12  6.30000000e-02  2.80317733e+12  6.30000000e-02  6.16978042e+11 
 6.40000000e-02  8.39324604e+12  6.40000000e-02  2.48655891e+12  6.40000000e-02  5.90696041e+11 
 6.50000000e-02  5.95202744e+12  6.50000000e-02  2.50046341e+12  6.50000000e-02  6.05325075e+11 
 6.60000000e-02  5.76347971e+12  6.60000000e-02  2.45545840e+12  6.60000000e-02  6.08364236e+11 
 6.70000000e-02  7.66708585e+12  6.70000000e-02  2.59087634e+12  6.70000000e-02  5.86661150e+11 
 6.80000000e-02  6.91602608e+12  6.80000000e-02  2.80217421e+12  6.80000000e-02  5.87947191e+11 
 6.90000000e-02  6.66317806e+12  6.90000000e-02  2.40769194e+12  6.90000000e-02  5.83405527e+11 
 7.00000000e-02  6.50082368e+12  7.00000000e-02  2.32816743e+12  7.00000000e-02  5.81404483e+11 
 7.10000000e-02  5.60578464e+12  7.10000000e-02  2.55927794e+12  7.10000000e-02  5.78977795e+11 
 7.20000000e-02  6.70391197e+12  7.20000000e-02  2.74065436e+12  7.20000000e-02  5.76719855e+11 
 7.30000000e-02  8.45976806e+12  7.30000000e-02  2.77313588e+12  7.30000000e-02  5.68401125e+11 
 7.40000000e-02  9.25428092e+12  7.40000000e-02  2.37380032e+12  7.40000000e-02  5.50831794e+11 
 7.50000000e-02  6.44536301e+12  7.50000000e-02  2.46101769e+12  7.50000000e-02  5.62079845e+11 
 7.60000000e-02  5.35834972e+12  7.60000000e-02  2.45255187e+12  7.60000000e-02  5.58942322e+11 
 7.70000000e-02  7.71470582e+12  7.70000000e-02  2.33139915e+12  7.70000000e-02  5.51220550e+11 
 7.80000000e-02  6.48731607e+12  7.80000000e-02  2.35414349e+12  7.80000000e-02  5.53799448e+11 
 7.90000000e-02  5.14725759e+12  7.90000000e-02  2.51872666e+12  7.90000000e-02  5.42947426e+11 
 8.00000000e-02  5.38121794e+12  8.00000000e-02  2.54790823e+12  8.00000000e-02  5.40669310e+11 
 8.10000000e-02  7.46206986e+12  8.10000000e-02  2.35291633e+12  8.10000000e-02  5.38579935e+11 
 8.20000000e-02  7.17201750e+12  8.20000000e-02  2.63090817e+12  8.20000000e-02  5.35182933e+11 
 8.30000000e-02  7.73800479e+12  8.30000000e-02  2.62531131e+12  8.30000000e-02  5.34960866e+11 
 8.40000000e-02  7.83074781e+12  8.40000000e-02  2.34914490e+12  8.40000000e-02  5.14388221e+11 
 8.50000000e-02  6.96802101e+12  8.50000000e-02  2.29168870e+12  8.50000000e-02  5.23856779e+11 
 8.60000000e-02  6.48870060e+12  8.60000000e-02  2.13482364e+12  8.60000000e-02  5.24147567e+11 
 8.70000000e-02  6.20192042e+12  8.70000000e-02  2.32599688e+12  8.70000000e-02  5.05738300e+11 
 8.80000000e-02  6.94082404e+12  8.80000000e-02  2.43277475e+12  8.80000000e-02  5.08110769e+11 
 8.90000000e-02  6.46579430e+12  8.90000000e-02  2.17215462e+12  8.90000000e-02  5.04852300e+11 
 9.00000000e-02  5.86703516e+12  9.00000000e-02  2.37111358e+12  9.00000000e-02  4.99615412e+11 
 9.10000000e-02  6.04573904e+12  9.10000000e-02  2.69193675e+12  9.10000000e-02  4.97195001e+11 
 9.20000000e-02  7.74368262e+12  9.20000000e-02  2.34853420e+12  9.20000000e-02  4.90732633e+11 
 9.30000000e-02  6.36743738e+12  9.30000000e-02  2.01526371e+12  9.30000000e-02  4.83357543e+11 
 9.40000000e-02  6.50488400e+12  9.40000000e-02  2.08929318e+12  9.40000000e-02  4.94306428e+11 
 9.50000000e-02  7.51539572e+12  9.50000000e-02  2.27811944e+12  9.50000000e-02  4.77024796e+11 
 9.60000000e-02  5.83547555e+12  9.60000000e-02  2.35836730e+12  9.60000000e-02  4.67007574e+11 
 9.70000000e-02  7.30950818e+12  9.70000000e-02  2.11876086e+12  9.70000000e-02  4.71746475e+11 
 9.80000000e-02  8.12593362e+12  9.80000000e-02  2.14327296e+12  9.80000000e-02  4.67808128e+11 
 9.90000000e-02  6.40407321e+12  9.90000000e-02  2.18281371e+12  9.90000000e-02  4.65171863e+11 
 1.00000000e-01  6.39891250e+12  1.00000000e-01  1.83389600e+12  1.00000000e-01  4.52453801e+11 
