-1.00000000e-01  8.54003709e-01 -1.00000000e-01  1.05626225e+00 -1.00000000e-01  2.02258539e-01 
-9.90000000e-02  8.54373321e-01 -9.90000000e-02  1.05656610e+00 -9.90000000e-02  2.02192782e-01 
-9.80000000e-02  8.54739017e-01 -9.80000000e-02  1.05686673e+00 -9.80000000e-02  2.02127709e-01 
-9.70000000e-02  8.55103729e-01 -9.70000000e-02  1.05716654e+00 -9.70000000e-02  2.02062807e-01 
-9.60000000e-02  8.55466475e-01 -9.60000000e-02  1.05746472e+00 -9.60000000e-02  2.01998248e-01 
-9.50000000e-02  8.55827256e-01 -9.50000000e-02  1.05776129e+00 -9.50000000e-02  2.01934032e-01 
-9.40000000e-02  8.56186070e-01 -9.40000000e-02  1.05805623e+00 -9.40000000e-02  2.01870160e-01 
-9.30000000e-02  8.56542919e-01 -9.30000000e-02  1.05834955e+00 -9.30000000e-02  2.01806632e-01 
-9.20000000e-02  8.56897804e-01 -9.20000000e-02  1.05864125e+00 -9.20000000e-02  2.01743446e-01 
-9.10000000e-02  8.57250729e-01 -9.10000000e-02  1.05893133e+00 -9.10000000e-02  2.01680603e-01 
-9.00000000e-02  8.57601699e-01 -9.00000000e-02  1.05921980e+00 -9.00000000e-02  2.01618103e-01 
-8.90000000e-02  8.57950718e-01 -8.90000000e-02  1.05950666e+00 -8.90000000e-02  2.01555943e-01 
-8.80000000e-02  8.58297794e-01 -8.80000000e-02  1.05979192e+00 -8.80000000e-02  2.01494123e-01 
-8.70000000e-02  8.58642935e-01 -8.70000000e-02  1.06007558e+00 -8.70000000e-02  2.01432641e-01 
-8.60000000e-02  8.58986151e-01 -8.60000000e-02  1.06035765e+00 -8.60000000e-02  2.01371497e-01 
-8.50000000e-02  8.59327453e-01 -8.50000000e-02  1.06063814e+00 -8.50000000e-02  2.01310688e-01 
-8.40000000e-02  8.59666853e-01 -8.40000000e-02  1.06091706e+00 -8.40000000e-02  2.01250211e-01 
-8.30000000e-02  8.60004365e-01 -8.30000000e-02  1.06119443e+00 -8.30000000e-02  2.01190065e-01 
-8.20000000e-02  8.60340004e-01 -8.20000000e-02  1.06147025e+00 -8.20000000e-02  2.01130248e-01 
-8.10000000e-02  8.60673786e-01 -8.10000000e-02  1.06174454e+00 -8.10000000e-02  2.01070755e-01 
-8.00000000e-02  8.61005730e-01 -8.00000000e-02  1.06201731e+00 -8.00000000e-02  2.01011584e-01 
-7.90000000e-02  8.61335856e-01 -7.90000000e-02  1.06228859e+00 -7.90000000e-02  2.00952732e-01 
-7.80000000e-02  8.61664184e-01 -7.80000000e-02  1.06255838e+00 -7.80000000e-02  2.00894195e-01 
-7.70000000e-02  8.61990738e-01 -7.70000000e-02  1.06282671e+00 -7.70000000e-02  2.00835969e-01 
-7.60000000e-02  8.62315541e-01 -7.60000000e-02  1.06309359e+00 -7.60000000e-02  2.00778050e-01 
-7.50000000e-02  8.62638619e-01 -7.50000000e-02  1.06335905e+00 -7.50000000e-02  2.00720433e-01 
-7.40000000e-02  8.62960000e-01 -7.40000000e-02  1.06362311e+00 -7.40000000e-02  2.00663113e-01 
-7.30000000e-02  8.63279713e-01 -7.30000000e-02  1.06388580e+00 -7.30000000e-02  2.00606085e-01 
-7.20000000e-02  8.63597787e-01 -7.20000000e-02  1.06414713e+00 -7.20000000e-02  2.00549345e-01 
-7.10000000e-02  8.63914257e-01 -7.10000000e-02  1.06440714e+00 -7.10000000e-02  2.00492886e-01 
-7.00000000e-02  8.64229154e-01 -7.00000000e-02  1.06466586e+00 -7.00000000e-02  2.00436702e-01 
-6.90000000e-02  8.64542514e-01 -6.90000000e-02  1.06492330e+00 -6.90000000e-02  2.00380787e-01 
-6.80000000e-02  8.64854375e-01 -6.80000000e-02  1.06517951e+00 -6.80000000e-02  2.00325135e-01 
-6.70000000e-02  8.65164775e-01 -6.70000000e-02  1.06543451e+00 -6.70000000e-02  2.00269739e-01 
-6.60000000e-02  8.65473754e-01 -6.60000000e-02  1.06568835e+00 -6.60000000e-02  2.00214591e-01 
-6.50000000e-02  8.65781354e-01 -6.50000000e-02  1.06594104e+00 -6.50000000e-02  2.00159685e-01 
-6.40000000e-02  8.66087618e-01 -6.40000000e-02  1.06619263e+00 -6.40000000e-02  2.00105012e-01 
-6.30000000e-02  8.66392591e-01 -6.30000000e-02  1.06644316e+00 -6.30000000e-02  2.00050565e-01 
-6.20000000e-02  8.66696319e-01 -6.20000000e-02  1.06669265e+00 -6.20000000e-02  1.99996336e-01 
-6.10000000e-02  8.66998849e-01 -6.10000000e-02  1.06694117e+00 -6.10000000e-02  1.99942316e-01 
-6.00000000e-02  8.67300233e-01 -6.00000000e-02  1.06718873e+00 -6.00000000e-02  1.99888496e-01 
-5.90000000e-02  8.67600519e-01 -5.90000000e-02  1.06743539e+00 -5.90000000e-02  1.99834867e-01 
-5.80000000e-02  8.67899761e-01 -5.80000000e-02  1.06768118e+00 -5.80000000e-02  1.99781420e-01 
-5.70000000e-02  8.68198012e-01 -5.70000000e-02  1.06792616e+00 -5.70000000e-02  1.99728145e-01 
-5.60000000e-02  8.68495385e-01 -5.60000000e-02  1.06817041e+00 -5.60000000e-02  1.99675023e-01 
-5.50000000e-02  8.68791993e-01 -5.50000000e-02  1.06841403e+00 -5.50000000e-02  1.99622033e-01 
-5.40000000e-02  8.69087893e-01 -5.40000000e-02  1.06865706e+00 -5.40000000e-02  1.99569165e-01 
-5.30000000e-02  8.69383141e-01 -5.30000000e-02  1.06889955e+00 -5.30000000e-02  1.99516409e-01 
-5.20000000e-02  8.69677795e-01 -5.20000000e-02  1.06914155e+00 -5.20000000e-02  1.99463754e-01 
-5.10000000e-02  8.69971915e-01 -5.10000000e-02  1.06938311e+00 -5.10000000e-02  1.99411191e-01 
-5.00000000e-02  8.70265559e-01 -5.00000000e-02  1.06962427e+00 -5.00000000e-02  1.99358708e-01 
-4.90000000e-02  8.70558790e-01 -4.90000000e-02  1.06986508e+00 -4.90000000e-02  1.99306295e-01 
-4.80000000e-02  8.70851667e-01 -4.80000000e-02  1.07010561e+00 -4.80000000e-02  1.99253941e-01 
-4.70000000e-02  8.71144254e-01 -4.70000000e-02  1.07034589e+00 -4.70000000e-02  1.99201634e-01 
-4.60000000e-02  8.71436612e-01 -4.60000000e-02  1.07058597e+00 -4.60000000e-02  1.99149363e-01 
-4.50000000e-02  8.71728805e-01 -4.50000000e-02  1.07082592e+00 -4.50000000e-02  1.99097118e-01 
-4.40000000e-02  8.72020898e-01 -4.40000000e-02  1.07106578e+00 -4.40000000e-02  1.99044886e-01 
-4.30000000e-02  8.72312954e-01 -4.30000000e-02  1.07130561e+00 -4.30000000e-02  1.98992656e-01 
-4.20000000e-02  8.72605039e-01 -4.20000000e-02  1.07154546e+00 -4.20000000e-02  1.98940417e-01 
-4.10000000e-02  8.72897217e-01 -4.10000000e-02  1.07178537e+00 -4.10000000e-02  1.98888157e-01 
-4.00000000e-02  8.73189555e-01 -4.00000000e-02  1.07202542e+00 -4.00000000e-02  1.98835864e-01 
-3.90000000e-02  8.73482118e-01 -3.90000000e-02  1.07226564e+00 -3.90000000e-02  1.98783526e-01 
-3.80000000e-02  8.73774972e-01 -3.80000000e-02  1.07250610e+00 -3.80000000e-02  1.98731131e-01 
-3.70000000e-02  8.74068184e-01 -3.70000000e-02  1.07274685e+00 -3.70000000e-02  1.98678669e-01 
-3.60000000e-02  8.74361820e-01 -3.60000000e-02  1.07298795e+00 -3.60000000e-02  1.98626125e-01 
-3.50000000e-02  8.74655946e-01 -3.50000000e-02  1.07322944e+00 -3.50000000e-02  1.98573490e-01 
-3.40000000e-02  8.74950630e-01 -3.40000000e-02  1.07347138e+00 -3.40000000e-02  1.98520751e-01 
-3.30000000e-02  8.75245978e-01 -3.30000000e-02  1.07371387e+00 -3.30000000e-02  1.98467888e-01 
-3.20000000e-02  8.75542092e-01 -3.20000000e-02  1.07395698e+00 -3.20000000e-02  1.98414883e-01 
-3.10000000e-02  8.75839032e-01 -3.10000000e-02  1.07420076e+00 -3.10000000e-02  1.98361726e-01 
-3.00000000e-02  8.76136863e-01 -3.00000000e-02  1.07444527e+00 -3.00000000e-02  1.98308405e-01 
-2.90000000e-02  8.76435647e-01 -2.90000000e-02  1.07469056e+00 -2.90000000e-02  1.98254909e-01 
-2.80000000e-02  8.76735446e-01 -2.80000000e-02  1.07493667e+00 -2.80000000e-02  1.98201227e-01 
-2.70000000e-02  8.77036321e-01 -2.70000000e-02  1.07518367e+00 -2.70000000e-02  1.98147347e-01 
-2.60000000e-02  8.77338334e-01 -2.60000000e-02  1.07543159e+00 -2.60000000e-02  1.98093259e-01 
-2.50000000e-02  8.77641545e-01 -2.50000000e-02  1.07568050e+00 -2.50000000e-02  1.98038951e-01 
-2.40000000e-02  8.77946015e-01 -2.40000000e-02  1.07593043e+00 -2.40000000e-02  1.97984413e-01 
-2.30000000e-02  8.78251802e-01 -2.30000000e-02  1.07618144e+00 -2.30000000e-02  1.97929635e-01 
-2.20000000e-02  8.78558966e-01 -2.20000000e-02  1.07643357e+00 -2.20000000e-02  1.97874605e-01 
-2.10000000e-02  8.78867565e-01 -2.10000000e-02  1.07668688e+00 -2.10000000e-02  1.97819313e-01 
-2.00000000e-02  8.79177655e-01 -2.00000000e-02  1.07694140e+00 -2.00000000e-02  1.97763748e-01 
-1.90000000e-02  8.79489293e-01 -1.90000000e-02  1.07719720e+00 -1.90000000e-02  1.97707902e-01 
-1.80000000e-02  8.79802536e-01 -1.80000000e-02  1.07745430e+00 -1.80000000e-02  1.97651763e-01 
-1.70000000e-02  8.80117437e-01 -1.70000000e-02  1.07771276e+00 -1.70000000e-02  1.97595321e-01 
-1.60000000e-02  8.80434051e-01 -1.60000000e-02  1.07797262e+00 -1.60000000e-02  1.97538567e-01 
-1.50000000e-02  8.80752430e-01 -1.50000000e-02  1.07823392e+00 -1.50000000e-02  1.97481492e-01 
-1.40000000e-02  8.81072626e-01 -1.40000000e-02  1.07849671e+00 -1.40000000e-02  1.97424086e-01 
-1.30000000e-02  8.81394690e-01 -1.30000000e-02  1.07876103e+00 -1.30000000e-02  1.97366339e-01 
-1.20000000e-02  8.81718672e-01 -1.20000000e-02  1.07902692e+00 -1.20000000e-02  1.97308243e-01 
-1.10000000e-02  8.82044623e-01 -1.10000000e-02  1.07929441e+00 -1.10000000e-02  1.97249789e-01 
-1.00000000e-02  8.82372679e-01 -1.00000000e-02  1.07956363e+00 -1.00000000e-02  1.97190951e-01 
-9.00000000e-03  8.82702941e-01 -9.00000000e-03  1.07983465e+00 -9.00000000e-03  1.97131713e-01 
-8.00000000e-03  8.83035450e-01 -8.00000000e-03  1.08010752e+00 -8.00000000e-03  1.97072065e-01 
-7.00000000e-03  8.83370250e-01 -7.00000000e-03  1.08038225e+00 -7.00000000e-03  1.97012001e-01 
-6.00000000e-03  8.83707381e-01 -6.00000000e-03  1.08065889e+00 -6.00000000e-03  1.96951513e-01 
-5.00000000e-03  8.84046883e-01 -5.00000000e-03  1.08093748e+00 -5.00000000e-03  1.96890593e-01 
-4.00000000e-03  8.84388793e-01 -4.00000000e-03  1.08121803e+00 -4.00000000e-03  1.96829235e-01 
-3.00000000e-03  8.84733148e-01 -3.00000000e-03  1.08150058e+00 -3.00000000e-03  1.96767433e-01 
-2.00000000e-03  8.85079983e-01 -2.00000000e-03  1.08178516e+00 -2.00000000e-03  1.96705179e-01 
-1.00000000e-03  8.85429559e-01 -1.00000000e-03  1.08207199e+00 -1.00000000e-03  1.96642426e-01 
 7.63278329e-17  8.85782493e-01  7.63278329e-17  1.08236156e+00  7.63278329e-17  1.96579065e-01 
 1.00000000e-03  8.86138856e-01  1.00000000e-03  1.08265394e+00  1.00000000e-03  1.96515081e-01 
 2.00000000e-03  8.86498690e-01  2.00000000e-03  1.08294916e+00  2.00000000e-03  1.96450468e-01 
 3.00000000e-03  8.86862035e-01  3.00000000e-03  1.08324725e+00  3.00000000e-03  1.96385217e-01 
 4.00000000e-03  8.87228775e-01  4.00000000e-03  1.08354812e+00  4.00000000e-03  1.96319350e-01 
 5.00000000e-03  8.87598801e-01  5.00000000e-03  1.08385169e+00  5.00000000e-03  1.96252885e-01 
 6.00000000e-03  8.87972142e-01  6.00000000e-03  1.08415796e+00  6.00000000e-03  1.96185818e-01 
 7.00000000e-03  8.88348824e-01  7.00000000e-03  1.08446697e+00  7.00000000e-03  1.96118143e-01 
 8.00000000e-03  8.88728872e-01  8.00000000e-03  1.08477873e+00  8.00000000e-03  1.96049856e-01 
 9.00000000e-03  8.89112310e-01  9.00000000e-03  1.08509326e+00  9.00000000e-03  1.95980952e-01 
 1.00000000e-02  8.89499160e-01  1.00000000e-02  1.08541059e+00  1.00000000e-02  1.95911427e-01 
 1.10000000e-02  8.89889441e-01  1.10000000e-02  1.08573072e+00  1.10000000e-02  1.95841278e-01 
 1.20000000e-02  8.90283171e-01  1.20000000e-02  1.08605367e+00  1.20000000e-02  1.95770501e-01 
 1.30000000e-02  8.90680368e-01  1.30000000e-02  1.08637946e+00  1.30000000e-02  1.95699093e-01 
 1.40000000e-02  8.91081045e-01  1.40000000e-02  1.08670810e+00  1.40000000e-02  1.95627050e-01 
 1.50000000e-02  8.91485216e-01  1.50000000e-02  1.08703959e+00  1.50000000e-02  1.95554371e-01 
 1.60000000e-02  8.91892893e-01  1.60000000e-02  1.08737395e+00  1.60000000e-02  1.95481053e-01 
 1.70000000e-02  8.92304085e-01  1.70000000e-02  1.08771118e+00  1.70000000e-02  1.95407094e-01 
 1.80000000e-02  8.92718799e-01  1.80000000e-02  1.08805129e+00  1.80000000e-02  1.95332492e-01 
 1.90000000e-02  8.93137024e-01  1.90000000e-02  1.08839427e+00  1.90000000e-02  1.95257250e-01 
 2.00000000e-02  8.93558721e-01  2.00000000e-02  1.08874010e+00  2.00000000e-02  1.95181374e-01 
 2.10000000e-02  8.93983889e-01  2.10000000e-02  1.08908875e+00  2.10000000e-02  1.95104864e-01 
 2.20000000e-02  8.94412528e-01  2.20000000e-02  1.08944025e+00  2.20000000e-02  1.95027720e-01 
 2.30000000e-02  8.94844633e-01  2.30000000e-02  1.08979458e+00  2.30000000e-02  1.94949942e-01 
 2.40000000e-02  8.95280202e-01  2.40000000e-02  1.09015173e+00  2.40000000e-02  1.94871531e-01 
 2.50000000e-02  8.95719228e-01  2.50000000e-02  1.09051172e+00  2.50000000e-02  1.94792488e-01 
 2.60000000e-02  8.96161703e-01  2.60000000e-02  1.09087452e+00  2.60000000e-02  1.94712813e-01 
 2.70000000e-02  8.96607618e-01  2.70000000e-02  1.09124013e+00  2.70000000e-02  1.94632509e-01 
 2.80000000e-02  8.97056963e-01  2.80000000e-02  1.09160854e+00  2.80000000e-02  1.94551576e-01 
 2.90000000e-02  8.97509724e-01  2.90000000e-02  1.09197974e+00  2.90000000e-02  1.94470018e-01 
 3.00000000e-02  8.97965887e-01  3.00000000e-02  1.09235372e+00  3.00000000e-02  1.94387836e-01 
 3.10000000e-02  8.98425436e-01  3.10000000e-02  1.09273047e+00  3.10000000e-02  1.94305033e-01 
 3.20000000e-02  8.98888354e-01  3.20000000e-02  1.09310997e+00  3.20000000e-02  1.94221611e-01 
 3.30000000e-02  8.99354622e-01  3.30000000e-02  1.09349220e+00  3.30000000e-02  1.94137575e-01 
 3.40000000e-02  8.99824219e-01  3.40000000e-02  1.09387715e+00  3.40000000e-02  1.94052927e-01 
 3.50000000e-02  9.00297123e-01  3.50000000e-02  1.09426479e+00  3.50000000e-02  1.93967672e-01 
 3.60000000e-02  9.00773310e-01  3.60000000e-02  1.09465512e+00  3.60000000e-02  1.93881812e-01 
 3.70000000e-02  9.01252756e-01  3.70000000e-02  1.09504811e+00  3.70000000e-02  1.93795354e-01 
 3.80000000e-02  9.01735433e-01  3.80000000e-02  1.09544373e+00  3.80000000e-02  1.93708300e-01 
 3.90000000e-02  9.02221315e-01  3.90000000e-02  1.09584197e+00  3.90000000e-02  1.93620656e-01 
 4.00000000e-02  9.02710371e-01  4.00000000e-02  1.09624280e+00  4.00000000e-02  1.93532427e-01 
 4.10000000e-02  9.03202572e-01  4.10000000e-02  1.09664619e+00  4.10000000e-02  1.93443617e-01 
 4.20000000e-02  9.03697885e-01  4.20000000e-02  1.09705212e+00  4.20000000e-02  1.93354234e-01 
 4.30000000e-02  9.04196278e-01  4.30000000e-02  1.09746056e+00  4.30000000e-02  1.93264282e-01 
 4.40000000e-02  9.04697716e-01  4.40000000e-02  1.09787148e+00  4.40000000e-02  1.93173767e-01 
 4.50000000e-02  9.05202163e-01  4.50000000e-02  1.09828486e+00  4.50000000e-02  1.93082695e-01 
 4.60000000e-02  9.05709584e-01  4.60000000e-02  1.09870066e+00  4.60000000e-02  1.92991073e-01 
 4.70000000e-02  9.06219939e-01  4.70000000e-02  1.09911885e+00  4.70000000e-02  1.92898908e-01 
 4.80000000e-02  9.06733191e-01  4.80000000e-02  1.09953940e+00  4.80000000e-02  1.92806205e-01 
 4.90000000e-02  9.07249300e-01  4.90000000e-02  1.09996227e+00  4.90000000e-02  1.92712973e-01 
 5.00000000e-02  9.07768224e-01  5.00000000e-02  1.10038744e+00  5.00000000e-02  1.92619218e-01 
 5.10000000e-02  9.08289922e-01  5.10000000e-02  1.10081487e+00  5.10000000e-02  1.92524947e-01 
 5.20000000e-02  9.08814351e-01  5.20000000e-02  1.10124452e+00  5.20000000e-02  1.92430169e-01 
 5.30000000e-02  9.09341468e-01  5.30000000e-02  1.10167636e+00  5.30000000e-02  1.92334890e-01 
 5.40000000e-02  9.09871228e-01  5.40000000e-02  1.10211035e+00  5.40000000e-02  1.92239119e-01 
 5.50000000e-02  9.10403586e-01  5.50000000e-02  1.10254645e+00  5.50000000e-02  1.92142863e-01 
 5.60000000e-02  9.10938496e-01  5.60000000e-02  1.10298463e+00  5.60000000e-02  1.92046130e-01 
 5.70000000e-02  9.11475896e-01  5.70000000e-02  1.10342483e+00  5.70000000e-02  1.91948933e-01 
 5.80000000e-02  9.12015719e-01  5.80000000e-02  1.10386700e+00  5.80000000e-02  1.91851281e-01 
 5.90000000e-02  9.12557915e-01  5.90000000e-02  1.10431110e+00  5.90000000e-02  1.91753185e-01 
 6.00000000e-02  9.13102435e-01  6.00000000e-02  1.10475709e+00  6.00000000e-02  1.91654653e-01 
 6.10000000e-02  9.13649228e-01  6.10000000e-02  1.10520492e+00  6.10000000e-02  1.91555693e-01 
 6.20000000e-02  9.14198245e-01  6.20000000e-02  1.10565456e+00  6.20000000e-02  1.91456315e-01 
 6.30000000e-02  9.14749434e-01  6.30000000e-02  1.10610596e+00  6.30000000e-02  1.91356529e-01 
 6.40000000e-02  9.15302744e-01  6.40000000e-02  1.10655909e+00  6.40000000e-02  1.91256341e-01 
 6.50000000e-02  9.15858122e-01  6.50000000e-02  1.10701389e+00  6.50000000e-02  1.91155764e-01 
 6.60000000e-02  9.16415517e-01  6.60000000e-02  1.10747032e+00  6.60000000e-02  1.91054804e-01 
 6.70000000e-02  9.16974876e-01  6.70000000e-02  1.10792835e+00  6.70000000e-02  1.90953472e-01 
 6.80000000e-02  9.17536147e-01  6.80000000e-02  1.10838792e+00  6.80000000e-02  1.90851777e-01 
 6.90000000e-02  9.18099277e-01  6.90000000e-02  1.10884901e+00  6.90000000e-02  1.90749729e-01 
 7.00000000e-02  9.18664212e-01  7.00000000e-02  1.10931155e+00  7.00000000e-02  1.90647336e-01 
 7.10000000e-02  9.19230900e-01  7.10000000e-02  1.10977551e+00  7.10000000e-02  1.90544609e-01 
 7.20000000e-02  9.19799287e-01  7.20000000e-02  1.11024084e+00  7.20000000e-02  1.90441557e-01 
 7.30000000e-02  9.20369321e-01  7.30000000e-02  1.11070751e+00  7.30000000e-02  1.90338189e-01 
 7.40000000e-02  9.20940947e-01  7.40000000e-02  1.11117546e+00  7.40000000e-02  1.90234515e-01 
 7.50000000e-02  9.21514113e-01  7.50000000e-02  1.11164466e+00  7.50000000e-02  1.90130544e-01 
 7.60000000e-02  9.22088765e-01  7.60000000e-02  1.11211505e+00  7.60000000e-02  1.90026286e-01 
 7.70000000e-02  9.22664851e-01  7.70000000e-02  1.11258660e+00  7.70000000e-02  1.89921750e-01 
 7.80000000e-02  9.23242317e-01  7.80000000e-02  1.11305926e+00  7.80000000e-02  1.89816946e-01 
 7.90000000e-02  9.23821111e-01  7.90000000e-02  1.11353299e+00  7.90000000e-02  1.89711884e-01 
 8.00000000e-02  9.24401180e-01  8.00000000e-02  1.11400775e+00  8.00000000e-02  1.89606572e-01 
 8.10000000e-02  9.24982471e-01  8.10000000e-02  1.11448349e+00  8.10000000e-02  1.89501020e-01 
 8.20000000e-02  9.25564934e-01  8.20000000e-02  1.11496017e+00  8.20000000e-02  1.89395237e-01 
 8.30000000e-02  9.26148515e-01  8.30000000e-02  1.11543775e+00  8.30000000e-02  1.89289233e-01 
 8.40000000e-02  9.26733164e-01  8.40000000e-02  1.11591618e+00  8.40000000e-02  1.89183017e-01 
 8.50000000e-02  9.27318829e-01  8.50000000e-02  1.11639543e+00  8.50000000e-02  1.89076598e-01 
 8.60000000e-02  9.27905460e-01  8.60000000e-02  1.11687545e+00  8.60000000e-02  1.88969985e-01 
 8.70000000e-02  9.28493007e-01  8.70000000e-02  1.11735619e+00  8.70000000e-02  1.88863188e-01 
 8.80000000e-02  9.29081418e-01  8.80000000e-02  1.11783763e+00  8.80000000e-02  1.88756214e-01 
 8.90000000e-02  9.29670646e-01  8.90000000e-02  1.11831972e+00  8.90000000e-02  1.88649074e-01 
 9.00000000e-02  9.30260641e-01  9.00000000e-02  1.11880242e+00  9.00000000e-02  1.88541776e-01 
 9.10000000e-02  9.30851354e-01  9.10000000e-02  1.11928568e+00  9.10000000e-02  1.88434328e-01 
 9.20000000e-02  9.31442738e-01  9.20000000e-02  1.11976948e+00  9.20000000e-02  1.88326740e-01 
 9.30000000e-02  9.32034745e-01  9.30000000e-02  1.12025376e+00  9.30000000e-02  1.88219019e-01 
 9.40000000e-02  9.32627328e-01  9.40000000e-02  1.12073850e+00  9.40000000e-02  1.88111175e-01 
 9.50000000e-02  9.33220441e-01  9.50000000e-02  1.12122366e+00  9.50000000e-02  1.88003216e-01 
 9.60000000e-02  9.33814039e-01  9.60000000e-02  1.12170919e+00  9.60000000e-02  1.87895149e-01 
 9.70000000e-02  9.34408075e-01  9.70000000e-02  1.12219506e+00  9.70000000e-02  1.87786984e-01 
 9.80000000e-02  9.35002466e-01  9.80000000e-02  1.12268120e+00  9.80000000e-02  1.87678735e-01 
 9.90000000e-02  9.35597151e-01  9.90000000e-02  1.12316756e+00  9.90000000e-02  1.87570414e-01 
 1.00000000e-01  9.36192087e-01  1.00000000e-01  1.12365412e+00  1.00000000e-01  1.87462028e-01 
