-1.00000000e-01  6.72598584e-14 -1.00000000e-01  7.40671904e+11 
-9.90000000e-02  6.59585195e-14 -9.90000000e-02  7.98369768e+11 
-9.80000000e-02  6.47547535e-14 -9.80000000e-02  8.12517946e+11 
-9.70000000e-02  6.34970354e-14 -9.70000000e-02  8.26142706e+11 
-9.60000000e-02  6.23338643e-14 -9.60000000e-02  8.52086435e+11 
-9.50000000e-02  6.11498556e-14 -9.50000000e-02  8.52575096e+11 
-9.40000000e-02  5.99880299e-14 -9.40000000e-02  8.62258906e+11 
-9.30000000e-02  5.88303667e-14 -9.30000000e-02  8.65153602e+11 
-9.20000000e-02  5.76763016e-14 -9.20000000e-02  8.72942755e+11 
-9.10000000e-02  5.65392657e-14 -9.10000000e-02  8.95620728e+11 
-9.00000000e-02  5.54432135e-14 -9.00000000e-02  9.19276160e+11 
-8.90000000e-02  5.43636409e-14 -8.90000000e-02  9.28858728e+11 
-8.80000000e-02  5.32900336e-14 -8.80000000e-02  9.46302240e+11 
-8.70000000e-02  5.22501513e-14 -8.70000000e-02  9.75897322e+11 
-8.60000000e-02  5.12406376e-14 -8.60000000e-02  9.90263935e+11 
-8.50000000e-02  5.02304877e-14 -8.50000000e-02  9.76387933e+11 
-8.40000000e-02  4.91922715e-14 -8.40000000e-02  9.71361105e+11 
-8.30000000e-02  4.81715212e-14 -8.30000000e-02  1.08923391e+12 
-8.20000000e-02  4.73561186e-14 -8.20000000e-02  1.07412794e+12 
-8.10000000e-02  4.63095456e-14 -8.10000000e-02  1.00476344e+12 
-8.00000000e-02  4.53656003e-14 -8.00000000e-02  1.08290480e+12 
-7.90000000e-02  4.44626612e-14 -7.90000000e-02  1.13829808e+12 
-7.80000000e-02  4.36085913e-14 -7.80000000e-02  1.13709610e+12 
-7.70000000e-02  4.27037949e-14 -7.70000000e-02  1.09827063e+12 
-7.60000000e-02  4.17875465e-14 -7.60000000e-02  1.12122278e+12 
-7.50000000e-02  4.09200280e-14 -7.50000000e-02  1.13104050e+12 
-7.40000000e-02  4.00192632e-14 -7.40000000e-02  1.15421177e+12 
-7.30000000e-02  3.91872438e-14 -7.30000000e-02  1.21006003e+12 
-7.20000000e-02  3.83664526e-14 -7.20000000e-02  1.26842014e+12 
-7.10000000e-02  3.76104792e-14 -7.10000000e-02  1.27356130e+12 
-7.00000000e-02  3.67960532e-14 -7.00000000e-02  1.24012903e+12 
-6.90000000e-02  3.59977437e-14 -6.90000000e-02  1.26131119e+12 
-6.80000000e-02  3.52104016e-14 -6.80000000e-02  1.32772262e+12 
-6.70000000e-02  3.44914050e-14 -6.70000000e-02  1.29189245e+12 
-6.60000000e-02  3.36622852e-14 -6.60000000e-02  1.26662741e+12 
-6.50000000e-02  3.29124087e-14 -6.50000000e-02  1.37307491e+12 
-6.40000000e-02  3.22057004e-14 -6.40000000e-02  1.40488852e+12 
-6.30000000e-02  3.14888082e-14 -6.30000000e-02  1.40753515e+12 
-6.20000000e-02  3.07847767e-14 -6.20000000e-02  1.42168126e+12 
-6.10000000e-02  3.00820231e-14 -6.10000000e-02  1.41268190e+12 
-6.00000000e-02  2.93690298e-14 -6.00000000e-02  1.39827589e+12 
-5.90000000e-02  2.86516902e-14 -5.90000000e-02  1.44095585e+12 
-5.80000000e-02  2.79810623e-14 -5.80000000e-02  1.55634822e+12 
-5.70000000e-02  2.73666308e-14 -5.70000000e-02  1.54444652e+12 
-5.60000000e-02  2.66861000e-14 -5.60000000e-02  1.48349028e+12 
-5.50000000e-02  2.60184588e-14 -5.50000000e-02  1.58642519e+12 
-5.40000000e-02  2.54254039e-14 -5.40000000e-02  1.61213211e+12 
-5.30000000e-02  2.47778657e-14 -5.30000000e-02  1.56574173e+12 
-5.20000000e-02  2.41480540e-14 -5.20000000e-02  1.61870393e+12 
-5.10000000e-02  2.35423093e-14 -5.10000000e-02  1.73941923e+12 
-5.00000000e-02  2.29982450e-14 -5.00000000e-02  1.59243846e+12 
-4.90000000e-02  2.22863738e-14 -4.90000000e-02  1.67155419e+12 
-4.80000000e-02  2.18017537e-14 -4.80000000e-02  1.80717985e+12 
-4.70000000e-02  2.11796771e-14 -4.70000000e-02  1.70889385e+12 
-4.60000000e-02  2.06314060e-14 -4.60000000e-02  1.72139460e+12 
-4.50000000e-02  2.00178284e-14 -4.50000000e-02  1.74361726e+12 
-4.40000000e-02  1.94843653e-14 -4.40000000e-02  1.89935260e+12 
-4.30000000e-02  1.89648380e-14 -4.30000000e-02  1.93745645e+12 
-4.20000000e-02  1.84520840e-14 -4.20000000e-02  1.78093058e+12 
-4.10000000e-02  1.78418296e-14 -4.10000000e-02  1.75784650e+12 
-4.00000000e-02  1.73143282e-14 -4.00000000e-02  1.97236627e+12 
-3.90000000e-02  1.68278192e-14 -3.90000000e-02  1.96968571e+12 
-3.80000000e-02  1.62989378e-14 -3.80000000e-02  1.97341987e+12 
-3.70000000e-02  1.58143501e-14 -3.70000000e-02  1.95019336e+12 
-3.60000000e-02  1.52733985e-14 -3.60000000e-02  2.08042072e+12 
-3.50000000e-02  1.48530061e-14 -3.50000000e-02  1.91140952e+12 
-3.40000000e-02  1.42270502e-14 -3.40000000e-02  1.87722925e+12 
-3.30000000e-02  1.37876061e-14 -3.30000000e-02  2.13070135e+12 
-3.20000000e-02  1.32883922e-14 -3.20000000e-02  2.08874100e+12 
-3.10000000e-02  1.28300915e-14 -3.10000000e-02  2.08579623e+12 
-3.00000000e-02  1.23295257e-14 -3.00000000e-02  2.11383846e+12 
-2.90000000e-02  1.18839454e-14 -2.90000000e-02  2.24325100e+12 
-2.80000000e-02  1.14379625e-14 -2.80000000e-02  2.14164223e+12 
-2.70000000e-02  1.09500826e-14 -2.70000000e-02  2.25819295e+12 
-2.60000000e-02  1.05522986e-14 -2.60000000e-02  2.33111170e+12 
-2.50000000e-02  1.00921229e-14 -2.50000000e-02  2.10999971e+12 
-2.40000000e-02  9.60443121e-15 -2.40000000e-02  2.12708158e+12 
-2.30000000e-02  9.15186747e-15 -2.30000000e-02  2.24565049e+12 
-2.20000000e-02  8.71382067e-15 -2.20000000e-02  2.36963299e+12 
-2.10000000e-02  8.30785491e-15 -2.10000000e-02  2.42504841e+12 
-2.00000000e-02  7.88909486e-15 -2.00000000e-02  2.34316534e+12 
-1.90000000e-02  7.45430865e-15 -1.90000000e-02  2.30413649e+12 
-1.80000000e-02  7.02109073e-15 -1.80000000e-02  2.41999736e+12 
-1.70000000e-02  6.62786147e-15 -1.70000000e-02  2.45220228e+12 
-1.60000000e-02  6.20549733e-15 -1.60000000e-02  2.37427021e+12 
-1.50000000e-02  5.78549737e-15 -1.50000000e-02  2.48099493e+12 
-1.40000000e-02  5.39936912e-15 -1.40000000e-02  2.42474167e+12 
-1.30000000e-02  4.96066723e-15 -1.30000000e-02  2.40230480e+12 
-1.20000000e-02  4.56683529e-15 -1.20000000e-02  2.55063009e+12 
-1.10000000e-02  4.17654725e-15 -1.10000000e-02  2.80007514e+12 
-1.00000000e-02  3.85256875e-15 -1.00000000e-02  2.54446172e+12 
-9.00000000e-03  3.39052639e-15 -9.00000000e-03  2.40144321e+12 
-8.00000000e-03  3.01973623e-15 -8.00000000e-03  2.75362763e+12 
-7.00000000e-03  2.66421177e-15 -7.00000000e-03  2.46936582e+12 
-6.00000000e-03  2.20981168e-15 -6.00000000e-03  2.47048538e+12 
-5.00000000e-03  1.85465426e-15 -5.00000000e-03  2.82546910e+12 
-4.00000000e-03  1.50196462e-15 -4.00000000e-03  2.71287197e+12 
-3.00000000e-03  1.11742816e-15 -3.00000000e-03  2.38466273e+12 
-2.00000000e-03  6.63271593e-16 -2.00000000e-03  2.72231036e+12 
-1.00000000e-03  3.82758073e-16 -1.00000000e-03  3.27882035e+12 
 7.63278329e-17  5.32961182e-17  7.63278329e-17  4.90977399e+14 
 1.00000000e-03  3.78684566e-16  1.00000000e-03  2.83632219e+12 
 2.00000000e-03  7.58434627e-16  2.00000000e-03  2.84796758e+12 
 3.00000000e-03  1.08093975e-15  3.00000000e-03  2.78703567e+12 
 4.00000000e-03  1.47604295e-15  4.00000000e-03  2.55849852e+12 
 5.00000000e-03  1.86264823e-15  5.00000000e-03  2.73158535e+12 
 6.00000000e-03  2.20821850e-15  6.00000000e-03  2.95623436e+12 
 7.00000000e-03  2.53918458e-15  7.00000000e-03  2.62991257e+12 
 8.00000000e-03  2.96870006e-15  8.00000000e-03  2.48888545e+12 
 9.00000000e-03  3.34275712e-15  9.00000000e-03  2.83620806e+12 
 1.00000000e-02  3.67386694e-15  1.00000000e-02  2.66762799e+12 
 1.10000000e-02  4.09248685e-15  1.10000000e-02  2.71738178e+12 
 1.20000000e-02  4.40986952e-15  1.20000000e-02  3.01225752e+12 
 1.30000000e-02  4.75644071e-15  1.30000000e-02  2.73482050e+12 
 1.40000000e-02  5.14117894e-15  1.40000000e-02  2.80693238e+12 
 1.50000000e-02  5.46896232e-15  1.50000000e-02  2.75665471e+12 
 1.60000000e-02  5.86669600e-15  1.60000000e-02  2.53933617e+12 
 1.70000000e-02  6.25656974e-15  1.70000000e-02  3.00163611e+12 
 1.80000000e-02  6.53299928e-15  1.80000000e-02  3.11239252e+12 
 1.90000000e-02  6.89916221e-15  1.90000000e-02  2.55638033e+12 
 2.00000000e-02  7.31535548e-15  2.00000000e-02  2.42322371e+12 
 2.10000000e-02  7.72450904e-15  2.10000000e-02  2.82057865e+12 
 2.20000000e-02  8.02442984e-15  2.20000000e-02  2.84044541e+12 
 2.30000000e-02  8.42862396e-15  2.30000000e-02  2.97774516e+12 
 2.40000000e-02  8.69607899e-15  2.40000000e-02  2.80800762e+12 
 2.50000000e-02  9.14087274e-15  2.50000000e-02  2.40150869e+12 
 2.60000000e-02  9.52888880e-15  2.60000000e-02  3.08556222e+12 
 2.70000000e-02  9.78905283e-15  2.70000000e-02  2.91684908e+12 
 2.80000000e-02  1.02145602e-14  2.80000000e-02  2.50149385e+12 
 2.90000000e-02  1.05885751e-14  2.90000000e-02  2.69049850e+12 
 3.00000000e-02  1.09579169e-14  3.00000000e-02  3.09838076e+12 
 3.10000000e-02  1.12340735e-14  3.10000000e-02  2.89946617e+12 
 3.20000000e-02  1.16476990e-14  3.20000000e-02  2.68700843e+12 
 3.30000000e-02  1.19783957e-14  3.30000000e-02  2.60607266e+12 
 3.40000000e-02  1.24151373e-14  3.40000000e-02  2.48698652e+12 
 3.50000000e-02  1.27825818e-14  3.50000000e-02  2.98223751e+12 
 3.60000000e-02  1.30857747e-14  3.60000000e-02  2.99138612e+12 
 3.70000000e-02  1.34511682e-14  3.70000000e-02  2.97139259e+12 
 3.80000000e-02  1.37588598e-14  3.80000000e-02  2.70417667e+12 
 3.90000000e-02  1.41907649e-14  3.90000000e-02  2.27665618e+12 
 4.00000000e-02  1.46373412e-14  4.00000000e-02  2.71810234e+12 
 4.10000000e-02  1.49265723e-14  4.10000000e-02  3.18853888e+12 
 4.20000000e-02  1.52645877e-14  4.20000000e-02  2.60465431e+12 
 4.30000000e-02  1.56944285e-14  4.30000000e-02  2.33714047e+12 
 4.40000000e-02  1.61203343e-14  4.40000000e-02  2.84284870e+12 
 4.50000000e-02  1.63979482e-14  4.50000000e-02  3.05528691e+12 
 4.60000000e-02  1.67749373e-14  4.60000000e-02  2.78025909e+12 
 4.70000000e-02  1.71173056e-14  4.70000000e-02  2.50902722e+12 
 4.80000000e-02  1.75720590e-14  4.80000000e-02  2.51834063e+12 
 4.90000000e-02  1.79114794e-14  4.90000000e-02  2.94445916e+12 
 5.00000000e-02  1.82513009e-14  5.00000000e-02  2.79346095e+12 
 5.10000000e-02  1.86274371e-14  5.10000000e-02  2.90204317e+12 
 5.20000000e-02  1.89404705e-14  5.20000000e-02  2.61313091e+12 
 5.30000000e-02  1.93928025e-14  5.30000000e-02  2.38963734e+12 
 5.40000000e-02  1.97774176e-14  5.40000000e-02  2.53363976e+12 
 5.50000000e-02  2.01821807e-14  5.50000000e-02  2.57974571e+12 
 5.60000000e-02  2.05526878e-14  5.60000000e-02  2.77115400e+12 
 5.70000000e-02  2.09039017e-14  5.70000000e-02  2.86501651e+12 
 5.80000000e-02  2.12507640e-14  5.80000000e-02  2.74506773e+12 
 5.90000000e-02  2.16324812e-14  5.90000000e-02  2.58056330e+12 
 6.00000000e-02  2.20257886e-14  6.00000000e-02  2.48094324e+12 
 6.10000000e-02  2.24386262e-14  6.10000000e-02  2.49662001e+12 
 6.20000000e-02  2.28268717e-14  6.20000000e-02  2.89683190e+12 
 6.30000000e-02  2.31290356e-14  6.30000000e-02  2.80317733e+12 
 6.40000000e-02  2.35403478e-14  6.40000000e-02  2.48655891e+12 
 6.50000000e-02  2.39333600e-14  6.50000000e-02  2.50046341e+12 
 6.60000000e-02  2.43401995e-14  6.60000000e-02  2.45545840e+12 
 6.70000000e-02  2.47478719e-14  6.70000000e-02  2.59087634e+12 
 6.80000000e-02  2.51121391e-14  6.80000000e-02  2.80217421e+12 
 6.90000000e-02  2.54616034e-14  6.90000000e-02  2.40769194e+12 
 7.00000000e-02  2.59428102e-14  7.00000000e-02  2.32816743e+12 
 7.10000000e-02  2.63206481e-14  7.10000000e-02  2.55927794e+12 
 7.20000000e-02  2.67242806e-14  7.20000000e-02  2.74065436e+12 
 7.30000000e-02  2.70504008e-14  7.30000000e-02  2.77313588e+12 
 7.40000000e-02  2.74454858e-14  7.40000000e-02  2.37380032e+12 
 7.50000000e-02  2.78929317e-14  7.50000000e-02  2.46101769e+12 
 7.60000000e-02  2.82581577e-14  7.60000000e-02  2.45255187e+12 
 7.70000000e-02  2.87084088e-14  7.70000000e-02  2.33139915e+12 
 7.80000000e-02  2.91160117e-14  7.80000000e-02  2.35414349e+12 
 7.90000000e-02  2.95579747e-14  7.90000000e-02  2.51872666e+12 
 8.00000000e-02  2.99100637e-14  8.00000000e-02  2.54790823e+12 
 8.10000000e-02  3.03429324e-14  8.10000000e-02  2.35291633e+12 
 8.20000000e-02  3.07600727e-14  8.20000000e-02  2.63090817e+12 
 8.30000000e-02  3.11031261e-14  8.30000000e-02  2.62531131e+12 
 8.40000000e-02  3.15218871e-14  8.40000000e-02  2.34914490e+12 
 8.50000000e-02  3.19544997e-14  8.50000000e-02  2.29168870e+12 
 8.60000000e-02  3.23946060e-14  8.60000000e-02  2.13482364e+12 
 8.70000000e-02  3.28913453e-14  8.70000000e-02  2.32599688e+12 
 8.80000000e-02  3.32544523e-14  8.80000000e-02  2.43277475e+12 
 8.90000000e-02  3.37134518e-14  8.90000000e-02  2.17215462e+12 
 9.00000000e-02  3.41751971e-14  9.00000000e-02  2.37111358e+12 
 9.10000000e-02  3.45569373e-14  9.10000000e-02  2.69193675e+12 
 9.20000000e-02  3.49181566e-14  9.20000000e-02  2.34853420e+12 
 9.30000000e-02  3.54085324e-14  9.30000000e-02  2.01526371e+12 
 9.40000000e-02  3.59105826e-14  9.40000000e-02  2.08929318e+12 
 9.50000000e-02  3.63657939e-14  9.50000000e-02  2.27811944e+12 
 9.60000000e-02  3.67884997e-14  9.60000000e-02  2.35836730e+12 
 9.70000000e-02  3.72138382e-14  9.70000000e-02  2.11876086e+12 
 9.80000000e-02  3.77324476e-14  9.80000000e-02  2.14327296e+12 
 9.90000000e-02  3.81469905e-14  9.90000000e-02  2.18281371e+12 
 1.00000000e-01  3.86486962e-14  1.00000000e-01  1.83389600e+12 
